Time: Decision time: Time difference: ID: Decision charge: Docking charge: Charge difference: 
841 788 53 0 0.899893 0.893154 0.00673861
875 732 143 9 0.899917 0.883771 0.0161461
919 781 138 3 0.899997 0.884804 0.0151928
2646 2424 222 4 0.699976 0.673593 0.0263836
3057 2999 58 9 0.799995 0.791989 0.0080055
3288 3037 251 3 0.799961 0.768896 0.0310655
3473 3262 211 1 0.599957 0.575417 0.02454
4147 3971 176 5 0.499985 0.477942 0.0220432
4150 3992 158 6 0.499907 0.478007 0.0218993
4591 4534 57 0 0.59997 0.592499 0.00747096
5805 5752 53 7 0.299924 0.292712 0.00721257
6706 6512 194 4 0.699931 0.677308 0.0226233
7182 6850 332 1 0.79991 0.756258 0.0436522
7862 7516 346 3 0.599762 0.556246 0.0435162
8931 8825 106 6 0.699935 0.686215 0.0137196
9014 8873 141 5 0.699936 0.68287 0.0170656
9700 9555 145 0 0.599987 0.581635 0.0183516
9954 9650 304 9 0.299961 0.263075 0.0368859
10657 10471 186 4 0.699954 0.676897 0.0230574
11630 11390 240 3 0.799997 0.771045 0.0289518
11725 11586 139 1 0.59998 0.58169 0.0182898
12161 11986 175 7 0.599909 0.57967 0.0202392
13675 13516 159 6 0.599963 0.580667 0.0192961
15015 14703 312 0 0.599907 0.5644 0.0355075
15382 15234 148 5 0.39997 0.381814 0.0181557
15687 15495 192 7 0.799938 0.77718 0.0227586
15934 15820 114 3 0.599895 0.587419 0.0124754
16300 16097 203 4 0.499942 0.473882 0.0260592
17451 17120 331 9 0.499951 0.460883 0.0390673
17798 17565 233 1 0.499973 0.471496 0.0284773
18686 18429 257 3 0.899911 0.870543 0.0293675
19394 19317 77 0 0.699979 0.689352 0.0106266
19762 19575 187 5 0.799954 0.773692 0.0262618
20605 20454 151 6 0.399976 0.381536 0.0184404
22367 22133 234 9 0.69996 0.670798 0.0291615
22580 22395 185 1 0.699935 0.676417 0.0235182
22602 22361 241 5 0.799991 0.771298 0.0286931
22701 22513 188 3 0.599908 0.575192 0.0247163
24110 24000 110 0 0.599951 0.586297 0.0136532
24451 24241 210 4 0.299917 0.272163 0.027754
26392 26126 266 3 0.799906 0.76716 0.0327454
26867 26625 242 0 0.899923 0.87109 0.0288333
27311 27078 233 9 0.599935 0.571941 0.0279946
28375 28177 198 1 0.499922 0.476288 0.0236347
28420 28094 326 6 0.399931 0.361313 0.0386182
28956 28552 404 5 0.399943 0.350041 0.0499019
29131 29078 53 4 0.799898 0.792528 0.00737002
