Time: Decision time: Time difference: ID: Decision charge: Docking charge: Charge difference: 
1030 761 269 6 0.899959 0.870075 0.0298832
1667 1614 53 7 0.799988 0.794093 0.00589414
1736 1546 190 3 0.799892 0.776392 0.0234999
1802 1607 195 5 0.799935 0.772997 0.0269381
2409 2356 53 4 0.699915 0.691945 0.00797059
3332 3225 107 8 0.599964 0.588203 0.0117611
3459 3251 208 0 0.599918 0.575469 0.0244494
3508 3246 262 1 0.599927 0.567557 0.0323708
4576 4470 106 4 0.899907 0.888133 0.011774
4580 4368 212 3 0.799948 0.775306 0.0246417
5626 5254 372 5 0.69993 0.653063 0.0468673
5776 5666 110 6 0.499936 0.487845 0.0120911
6003 5728 275 9 0.299914 0.266376 0.0335377
7399 7165 234 3 0.799964 0.771133 0.0288307
7714 7455 259 8 0.699929 0.66927 0.0306585
7784 7479 305 7 0.39992 0.364499 0.0354204
8481 8357 124 4 0.599894 0.586263 0.0136311
8700 8642 58 1 0.599992 0.590293 0.00969837
9507 9411 96 0 0.499928 0.48543 0.0144974
11049 10744 305 8 0.799918 0.762077 0.0378418
11359 11265 94 5 0.499969 0.488806 0.0111628
11499 11201 298 6 0.599957 0.563231 0.0367265
12006 11710 296 3 0.599908 0.562007 0.0379012
12050 11968 82 1 0.799953 0.787882 0.0120707
12234 12004 230 7 0.799986 0.770918 0.0290682
12480 12311 169 9 0.599979 0.580402 0.0195775
13895 13745 150 1 0.899967 0.881097 0.0188701
14939 14671 268 3 0.899954 0.86933 0.0306236
15793 15564 229 7 0.699958 0.672332 0.0276267
16171 15806 365 6 0.699927 0.656204 0.0437232
16264 15987 277 4 0.299953 0.266618 0.0333355
16509 16176 333 8 0.499801 0.461997 0.037804
17473 17419 54 0 0.299981 0.290975 0.009006
18206 18007 199 3 0.699939 0.675226 0.0247137
19539 19266 273 5 0.299973 0.264283 0.0356896
20275 20022 253 9 0.299946 0.266519 0.0334267
20298 20244 54 1 0.299983 0.294287 0.00569569
20396 20069 327 6 0.699914 0.66298 0.0369338
21311 21185 126 3 0.799944 0.785607 0.0143371
21430 21157 273 8 0.699985 0.667175 0.0328095
22439 22190 249 7 0.39996 0.369272 0.0306876
22866 22601 265 4 0.599992 0.568649 0.0313424
23949 23860 89 3 0.799933 0.787315 0.0126185
23981 23625 356 0 0.599897 0.560081 0.0398153
24538 24216 322 5 0.799937 0.761917 0.0380197
25594 25250 344 8 0.699923 0.658396 0.0415265
26523 26340 183 4 0.799972 0.776149 0.0238231
26720 26619 101 7 0.799971 0.786662 0.0133085
27570 27302 268 3 0.699957 0.669136 0.0308216
27918 27678 240 6 0.299929 0.273284 0.0266456
28083 27822 261 8 0.899944 0.869135 0.0308091
28630 28315 315 0 0.699916 0.660918 0.0389981
29069 28858 211 5 0.59995 0.57417 0.0257804
29144 28981 163 1 0.299898 0.281036 0.018862
29369 29103 266 9 0.299956 0.269741 0.0302143
29518 29255 263 7 0.799898 0.767539 0.0323596
