Time: Decision time: Time difference: ID: Decision charge: Docking charge: Charge difference: 
878 751 127 1 0.899955 0.883884 0.0160709
986 781 205 9 0.899953 0.870398 0.0295551
1903 1530 373 4 0.79984 0.756827 0.0430131
2382 2329 53 0 0.699847 0.692056 0.00779089
2522 2394 128 7 0.699965 0.684036 0.0159289
3321 3265 56 8 0.599899 0.592221 0.00767746
3350 3066 284 3 0.599945 0.566474 0.0334706
4048 3995 53 6 0.49991 0.491318 0.00859279
4349 4027 322 9 0.69991 0.66233 0.0375803
4454 4111 343 5 0.499931 0.459476 0.0404557
5536 5293 243 0 0.799972 0.768655 0.0313168
5585 5463 122 1 0.499973 0.484655 0.0153182
7610 7528 82 5 0.899938 0.889154 0.0107838
7888 7801 87 6 0.79991 0.788139 0.011771
8563 8437 126 3 0.599919 0.585956 0.0139625
8779 8726 53 7 0.399971 0.391038 0.00893224
8906 8657 249 4 0.299967 0.270608 0.0293586
9208 9036 172 8 0.499921 0.47709 0.0228315
9848 9741 107 0 0.599977 0.585433 0.014544
11007 10719 288 9 0.399935 0.367994 0.0319415
12843 12581 262 1 0.399943 0.367272 0.0326714
13476 13166 310 0 0.799918 0.760917 0.0390011
13844 13560 284 4 0.799912 0.764294 0.0356183
14050 13711 339 7 0.699924 0.661776 0.0381485
14112 13828 284 8 0.699916 0.664994 0.0349221
14131 13930 201 5 0.299915 0.274388 0.0255276
14779 14482 297 6 0.299916 0.261523 0.0383931
16458 16150 308 0 0.799902 0.763516 0.0363862
16627 16370 257 8 0.899981 0.8714 0.0285817
17987 17934 53 7 0.699984 0.692979 0.00700523
18152 17919 233 1 0.699878 0.672983 0.026895
18699 18557 142 9 0.399961 0.381098 0.0188624
18730 18566 164 6 0.899946 0.880047 0.0198987
19040 18979 61 4 0.499927 0.493163 0.00676476
19226 19055 171 0 0.79994 0.779268 0.0206721
20197 20058 139 6 0.899995 0.881087 0.0189076
20844 20486 358 8 0.599922 0.558798 0.0411246
20958 20905 53 7 0.799835 0.791724 0.00811128
22308 22083 225 9 0.899921 0.871557 0.028364
23637 23461 176 0 0.599933 0.574857 0.0250762
24347 24091 256 7 0.699913 0.668978 0.0309354
24526 24347 179 8 0.799962 0.777772 0.0221904
24713 24400 313 1 0.399891 0.364316 0.0355753
24907 24814 93 6 0.499941 0.487609 0.0123317
25253 25198 55 4 0.499957 0.491706 0.00825131
25345 25226 119 9 0.69997 0.684932 0.015038
28143 27907 236 8 0.699939 0.673079 0.0268595
28913 28672 241 6 0.799977 0.769693 0.0302841
29017 28736 281 0 0.599978 0.567527 0.0324509
29095 29042 53 7 0.599869 0.592493 0.00737526
29155 29033 122 9 0.699946 0.684261 0.015685
29913 29845 68 1 0.699945 0.690452 0.00949315
