Time: Decision time: Time difference: ID: Decision charge: Docking charge: Charge difference: 
845 792 53 0 0.899909 0.892531 0.0073784
1891 1512 379 4 0.799994 0.753071 0.046923
2471 2293 178 6 0.699848 0.677396 0.0224518
2495 2439 56 2 0.699964 0.692115 0.00784944
2565 2368 197 3 0.699977 0.677878 0.0220989
2638 2405 233 8 0.699913 0.672888 0.0270248
2732 2413 319 5 0.699908 0.660421 0.0394867
2754 2451 303 9 0.699892 0.665158 0.0347336
3465 3175 290 1 0.599993 0.563296 0.036697
5119 4768 351 7 0.399894 0.358246 0.0416484
5720 5482 238 4 0.699924 0.670697 0.0292268
6347 6207 140 2 0.699939 0.68106 0.018879
6534 6429 105 8 0.69994 0.687134 0.0128063
6740 6628 112 5 0.699901 0.685953 0.0139479
7060 6929 131 0 0.299942 0.283615 0.0163272
7108 6964 144 1 0.799908 0.782692 0.0172168
7306 7238 68 6 0.56988 0.560721 0.00915975
7365 7198 167 3 0.599923 0.581562 0.0183611
7686 7496 190 9 0.599988 0.575779 0.0242091
8820 8593 227 7 0.899901 0.873556 0.0263449
8839 8784 55 5 0.899983 0.892836 0.00714733
10291 10128 163 5 0.899926 0.876801 0.0231252
10683 10327 356 4 0.599975 0.556525 0.043449
10993 10675 318 3 0.799993 0.761282 0.0387105
11129 10828 301 2 0.599987 0.563906 0.0360815
11179 11064 115 9 0.799891 0.783774 0.0161175
11181 11117 64 8 0.599925 0.591489 0.00843603
11681 11348 333 1 0.599966 0.55945 0.0405157
13872 13530 342 7 0.499857 0.460956 0.038901
14170 14100 70 6 0.399996 0.392305 0.00769111
14546 14486 60 3 0.699944 0.692542 0.00740104
14910 14513 397 8 0.799994 0.751112 0.0488819
15881 15800 81 0 0.299908 0.290991 0.00891699
16899 16602 297 3 0.89999 0.866024 0.0339658
16942 16571 371 5 0.299954 0.251947 0.0480064
16998 16838 160 1 0.599972 0.579315 0.0206566
17443 17081 362 2 0.499954 0.457174 0.0427797
17546 17475 71 4 0.399996 0.389818 0.0101777
18286 17896 390 9 0.299815 0.251255 0.0485594
19236 19118 118 6 0.699919 0.684998 0.0149217
19600 19283 317 8 0.599904 0.559867 0.0400366
19776 19416 360 7 0.599898 0.557456 0.0424416
21731 21599 132 3 0.499949 0.483876 0.0160729
22562 22509 53 0 0.49981 0.49257 0.00724014
22824 22627 197 4 0.699893 0.67718 0.0227129
23083 22877 206 6 0.699998 0.672761 0.0272368
23122 22991 131 2 0.5999 0.585499 0.0144011
23259 23093 166 5 0.599926 0.579631 0.0202944
24264 24072 192 7 0.699998 0.675237 0.0247604
24953 24761 192 8 0.599915 0.575734 0.0241809
27338 27186 152 9 0.299902 0.28138 0.0185226
27567 27310 257 4 0.599935 0.571451 0.0284838
27885 27543 342 8 0.899964 0.859152 0.0408128
28141 28000 141 2 0.599939 0.581843 0.0180958
28175 27917 258 3 0.499982 0.469979 0.0300027
28309 28166 143 5 0.599923 0.582451 0.0174712
29048 28676 372 0 0.499857 0.454368 0.0454885
29321 28958 363 7 0.599861 0.557087 0.0427739
