Time: Decision time: Time difference: ID: Decision charge: Docking charge: Charge difference: 
Time: Decision time: Time difference: ID: Decision charge: Docking charge: Charge difference: 
1670 1617 53 6 0.799919 0.793993 0.00592598
1812 1628 184 7 0.799902 0.777756 0.0221461
1873 1568 305 9 0.79997 0.764207 0.0357636
2480 2421 59 8 0.699776 0.69275 0.0070263
3449 3200 249 2 0.599914 0.570033 0.029881
3473 3126 347 5 0.599943 0.554508 0.0454351
3618 3334 284 4 0.599933 0.56615 0.0337837
4403 4155 248 1 0.499992 0.470415 0.0295763
5310 4949 361 6 0.69994 0.658106 0.0418336
5865 5663 202 0 0.3 0.276875 0.023125
6267 6011 256 7 0.599964 0.569093 0.0308709
6376 6204 172 8 0.699929 0.677981 0.0219486
7082 6993 89 9 0.499913 0.488111 0.0118023
8391 8335 56 1 0.799985 0.790824 0.00916147
8725 8651 74 5 0.599912 0.590123 0.00978891
8830 8520 310 2 0.599948 0.563157 0.0367915
8990 8761 229 4 0.599874 0.573809 0.0260655
9580 9267 313 6 0.69992 0.660756 0.0391648
11344 11278 66 7 0.599948 0.592154 0.00779466
11728 11675 53 1 0.699978 0.692616 0.0073619
12099 11884 215 8 0.499957 0.47449 0.0254674
13318 13108 210 2 0.69997 0.673234 0.0267366
13781 13686 95 5 0.599921 0.58757 0.0123509
14743 14520 223 0 0.299929 0.27429 0.0256391
15172 14987 185 9 0.299966 0.279004 0.0209611
15549 15420 129 7 0.699994 0.684121 0.0158733
15860 15694 166 4 0.399909 0.379416 0.0204931
16127 15950 177 8 0.799949 0.776784 0.0231649
16513 16311 202 2 0.799893 0.775029 0.0248644
16631 16292 339 1 0.599924 0.559679 0.040245
17152 16821 331 6 0.299919 0.259855 0.040064
17175 17110 65 5 0.799975 0.790876 0.00909869
18893 18567 326 0 0.899922 0.861598 0.0383237
20566 20401 165 8 0.599768 0.578341 0.0214272
20766 20601 165 9 0.699984 0.679358 0.0206266
21178 21016 162 7 0.499979 0.479866 0.0201131
21409 21356 53 5 0.599929 0.594144 0.00578543
21789 21509 280 2 0.499988 0.468207 0.0317812
22069 22008 61 0 0.699995 0.69078 0.0092146
22866 22555 311 1 0.499947 0.465427 0.0345191
22928 22686 242 6 0.699976 0.671545 0.0284309
24005 23714 291 9 0.799847 0.76362 0.0362272
24384 24119 265 4 0.299914 0.263864 0.0360503
25798 25694 104 8 0.599929 0.585083 0.0148454
25839 25786 53 0 0.69994 0.692114 0.0078255
27067 26698 369 7 0.599938 0.553537 0.0464016
27074 26791 283 6 0.699985 0.663043 0.036942
27530 27211 319 5 0.49991 0.462984 0.0369254
27574 27241 333 2 0.599962 0.558885 0.0410772
