Time: Decision time: Time difference: ID: Decision charge: Docking charge: Charge difference: 
Time: Decision time: Time difference: ID: Decision charge: Docking charge: Charge difference: 
828 733 95 6 0.899906 0.88571 0.0141962
895 824 71 3 0.89998 0.890481 0.00949822
1726 1580 146 7 0.799937 0.781928 0.0180091
2453 2381 72 5 0.699921 0.690541 0.00938065
2456 2401 55 8 0.699926 0.69167 0.00825576
2535 2478 57 1 0.683503 0.676882 0.00662132
2555 2320 235 9 0.699951 0.67277 0.0271809
3089 2969 120 3 0.799942 0.78433 0.0156118
3517 3275 242 4 0.599923 0.569722 0.0302013
4298 4145 153 0 0.499981 0.480019 0.0199623
4881 4667 214 1 0.899989 0.874271 0.0257183
5214 4965 249 7 0.699965 0.668501 0.0314639
5539 5423 116 6 0.499922 0.487171 0.0127511
5896 5693 203 2 0.299922 0.273993 0.0259297
6587 6420 167 9 0.699945 0.680383 0.0195619
7347 7204 143 3 0.599986 0.58384 0.0161465
8044 7831 213 4 0.699973 0.67335 0.0266231
8508 8260 248 7 0.799924 0.768161 0.0317628
8838 8721 117 5 0.399927 0.385047 0.0148806
9180 8948 232 0 0.699955 0.672292 0.027663
9890 9570 320 8 0.299966 0.262063 0.0379033
10659 10473 186 1 0.399953 0.376508 0.0234449
10994 10932 62 6 0.59983 0.591305 0.00852492
10997 10656 341 3 0.7999 0.759418 0.0404818
13025 12807 218 7 0.59994 0.573974 0.0259659
13290 13055 235 2 0.499955 0.470545 0.02941
13730 13471 259 6 0.899932 0.869356 0.0305759
14132 13786 346 9 0.299836 0.258005 0.0418309
14285 14077 208 1 0.89992 0.873929 0.0259908
14527 14319 208 4 0.399953 0.370005 0.0299477
16266 16180 86 8 0.599819 0.589358 0.0104618
16452 16287 165 0 0.299958 0.279618 0.0203393
17184 17046 138 5 0.299982 0.283877 0.0161053
17967 17914 53 2 0.699908 0.692278 0.00762956
18042 17800 242 3 0.299829 0.268767 0.0310624
18294 17985 309 9 0.899897 0.86383 0.036067
18873 18799 74 7 0.499992 0.487906 0.0120858
20109 20054 55 6 0.299828 0.292329 0.00749907
20134 19761 373 1 0.399979 0.356593 0.0433864
21466 21316 150 4 0.49997 0.478676 0.021294
21677 21344 333 8 0.599964 0.560026 0.0399388
21792 21736 56 2 0.699999 0.692151 0.0078477
22261 21900 361 0 0.699897 0.655621 0.0442756
23100 23008 92 9 0.499992 0.486384 0.0136081
23693 23439 254 7 0.699898 0.671152 0.0287467
24568 24296 272 5 0.499998 0.467553 0.0324447
24582 24350 232 3 0.599808 0.572984 0.0268238
24795 24501 294 0 0.899949 0.86537 0.0345791
25421 25334 87 1 0.69982 0.686401 0.0134188
25797 25464 333 6 0.699925 0.658892 0.041033
26342 26112 230 4 0.69986 0.672616 0.0272438
26860 26773 87 8 0.596281 0.585838 0.0104429
27919 27565 354 7 0.699984 0.660401 0.0395825
28952 28850 102 2 0.299969 0.288509 0.0114597
28971 28675 296 0 0.599931 0.566362 0.0335687
29744 29439 305 9 0.499827 0.465456 0.0343708
