Time: Decision time: Time difference: ID: Decision charge: Docking charge: Charge difference: 
806 655 151 2 0.899979 0.883063 0.016916
1775 1592 183 0 0.799998 0.776684 0.023314
2723 2431 292 3 0.699903 0.665448 0.0344552
3322 3224 98 7 0.599999 0.588368 0.011631
3390 3295 95 4 0.599937 0.589496 0.0104411
4211 3989 222 9 0.499999 0.472516 0.0274828
4285 4141 144 1 0.499982 0.481876 0.0181063
5571 5319 252 2 0.499905 0.467585 0.0323203
5839 5488 351 5 0.299968 0.258991 0.0409769
5857 5726 131 8 0.3 0.285599 0.0144011
6094 5900 194 4 0.899936 0.875323 0.0246133
7176 6833 343 0 0.499986 0.459789 0.0401965
7549 7449 100 3 0.59992 0.587859 0.0120608
9106 8944 162 9 0.699929 0.682006 0.0179224
9192 9139 53 7 0.499926 0.493497 0.00642921
9265 9118 147 4 0.699921 0.683591 0.0163307
10032 9719 313 1 0.599976 0.563195 0.0367806
10560 10239 321 2 0.699979 0.66159 0.0383893
11477 11266 211 8 0.699905 0.673442 0.0264628
12163 11890 273 0 0.699907 0.667987 0.0319205
13167 13067 100 5 0.499931 0.486368 0.0135635
13704 13351 353 3 0.499934 0.457665 0.042269
13938 13881 57 7 0.671084 0.664402 0.00668205
15291 15171 120 0 0.799976 0.786211 0.0137652
15291 15141 150 1 0.599906 0.580071 0.0198351
15404 15282 122 2 0.599937 0.5841 0.0158375
16539 16206 333 8 0.599802 0.557486 0.0423159
16593 16260 333 9 0.299915 0.256979 0.0429355
16689 16403 286 4 0.299941 0.266811 0.0331298
18982 18655 327 0 0.69995 0.661269 0.0386811
19650 19484 166 7 0.499959 0.479852 0.020107
19683 19453 230 5 0.499925 0.472389 0.0275363
20351 20097 254 3 0.499927 0.46848 0.0314464
21497 21268 229 2 0.499967 0.47246 0.0275068
21884 21739 145 8 0.599972 0.579997 0.0199755
22343 22088 255 1 0.399997 0.367515 0.0324817
22530 22152 378 9 0.699992 0.652441 0.047551
22580 22224 356 4 0.699943 0.656795 0.0431482
25720 25667 53 9 0.799989 0.792832 0.00715632
26039 25783 256 3 0.599905 0.568596 0.0313086
26297 26234 63 0 0.299933 0.293137 0.00679627
27196 26844 352 7 0.399925 0.358448 0.0414769
27437 27261 176 4 0.599967 0.578602 0.0213652
27510 27428 82 1 0.699951 0.688317 0.011634
27985 27708 277 5 0.299999 0.265376 0.0346221
28634 28564 70 8 0.399895 0.3912 0.00869489
29493 29346 147 2 0.299901 0.279809 0.0200913
