Time: Decision time: Time difference: ID: Decision charge: Docking charge: Charge difference: 
822 769 53 2 0.899928 0.892205 0.00772336
864 783 81 0 0.899905 0.888496 0.0114084
878 704 174 9 0.899894 0.879058 0.0208363
945 799 146 7 0.899954 0.879966 0.0199883
1697 1599 98 5 0.799959 0.787376 0.0125825
1898 1619 279 8 0.799929 0.765054 0.034875
2196 2041 155 0 0.899948 0.882795 0.0171526
3172 3016 156 9 0.799959 0.778751 0.0212083
3294 3235 59 6 0.599922 0.593441 0.00648111
3378 3278 100 1 0.5999 0.588622 0.0112779
3553 3269 284 3 0.599777 0.567276 0.0325015
3950 3390 560 5 0.899934 nan nan
5018 4861 157 4 0.399968 0.382707 0.0172611
6404 6073 331 8 0.599952 0.559199 0.040753
6411 6201 210 2 0.399831 0.374943 0.0248874
7366 7218 148 7 0.299943 0.281473 0.0184698
8475 8305 170 9 0.499978 0.480647 0.0193309
8612 8442 170 0 0.299896 0.28118 0.0187162
8853 8743 110 3 0.599987 0.58619 0.0137961
9330 9127 203 6 0.499931 0.47525 0.0246814
9430 9294 136 1 0.499896 0.483914 0.0159817
10178 10095 83 4 0.699856 0.688745 0.011111
12353 12195 158 3 0.799938 0.777342 0.0225961
13031 12765 266 7 0.699925 0.666234 0.0336914
13279 13096 183 2 0.499933 0.475252 0.0246802
14023 13963 60 9 0.599952 0.591837 0.00811455
14345 14027 318 8 0.29995 0.261184 0.0387658
15077 14878 199 1 0.599937 0.576972 0.022965
15704 15549 155 6 0.49997 0.479968 0.020002
17502 17190 312 4 0.299975 0.263439 0.0365357
17518 17377 141 0 0.299931 0.282337 0.0175936
18684 18591 93 7 0.499854 0.487999 0.011855
19296 19018 278 3 0.299967 0.264338 0.0356295
19764 19480 284 6 0.79999 0.765448 0.0345416
20270 20110 160 1 0.599891 0.579539 0.0203517
21566 21228 338 2 0.299774 0.261128 0.0386469
21686 21607 79 9 0.299922 0.288525 0.0113972
21744 21599 145 6 0.899958 0.882715 0.0172424
21836 21515 321 8 0.499944 0.462621 0.037323
23856 23686 170 1 0.79992 0.780265 0.019655
24187 23833 354 4 0.599935 0.559238 0.0406967
25765 25431 334 2 0.89985 0.861062 0.038788
25929 25583 346 0 0.378879 0.338151 0.0407273
26079 24951 1128 7 0.499918 nan nan
26469 26329 140 6 0.499846 0.482048 0.0177979
26705 26566 139 8 0.699959 0.683563 0.0163957
26789 26468 321 3 0.499908 0.461425 0.0384828
27388 27086 302 9 0.699939 0.660478 0.0394607
29810 29752 58 2 0.599995 0.592206 0.00778926
29887 29677 210 1 0.399937 0.368311 0.0316252
