Time: Decision time: Time difference: ID: Decision charge: Docking charge: Charge difference: 
966 747 219 9 0.899964 0.87341 0.0265544
1697 1518 179 3 0.799827 0.779846 0.0199806
2507 2423 84 0 0.699989 0.689 0.0109891
2521 2352 169 1 0.699967 0.679725 0.0202413
3288 3233 55 6 0.599906 0.592115 0.00779135
3451 3244 207 7 0.599946 0.576032 0.0239139
3582 3260 322 4 0.599942 0.555455 0.0444868
3650 3302 348 8 0.59991 0.558183 0.0417262
4250 3921 329 9 0.699983 0.658631 0.0413516
5299 4970 329 5 0.399947 0.362734 0.0372128
5838 5785 53 6 0.899955 0.893968 0.00598759
5840 5753 87 2 0.299962 0.289943 0.0100188
6203 5881 322 3 0.599886 0.561834 0.0380522
6390 6279 111 4 0.899962 0.886282 0.0136798
7477 7370 107 9 0.79993 0.785225 0.0147049
7517 7172 345 1 0.599975 0.559698 0.0402772
8135 7926 209 0 0.499915 0.475727 0.0241879
8915 8824 91 8 0.6 0.587447 0.0125526
9138 8798 340 6 0.699994 0.657124 0.0428705
9426 9349 77 4 0.699921 0.69146 0.00846111
9585 9374 211 7 0.499963 0.472019 0.0279442
10622 10416 206 2 0.799897 0.771837 0.0280605
11297 11199 98 5 0.59993 0.58658 0.0133501
11348 11001 347 1 0.799994 0.756958 0.0430365
11897 11621 276 9 0.599891 0.567018 0.0328721
12356 12151 205 3 0.499946 0.473872 0.0260738
12530 12379 151 4 0.799923 0.779987 0.0199365
13115 13062 53 6 0.699957 0.693211 0.00674628
13187 13060 127 8 0.699915 0.683234 0.0166804
13452 13241 211 2 0.799932 0.775522 0.02441
14006 13648 358 0 0.599922 0.557381 0.0425409
15387 15042 345 6 0.899918 0.857956 0.041962
15559 15371 188 3 0.899999 0.879038 0.0209609
16077 15989 88 7 0.499973 0.489536 0.0104361
16885 16771 114 4 0.599932 0.585273 0.0146591
16974 16847 127 2 0.699949 0.683854 0.0160948
17060 16945 115 9 0.599873 0.584136 0.0157373
17736 17380 356 1 0.399898 0.355784 0.0441147
18944 18729 215 5 0.299852 0.273952 0.0258997
19551 19498 53 8 0.399858 0.393487 0.00637084
19585 19368 217 3 0.599933 0.571793 0.0281406
20136 19993 143 0 0.499794 0.479822 0.0199714
20677 20422 255 9 0.799906 0.769781 0.0301246
20944 20777 167 2 0.699891 0.679123 0.0207679
20997 20938 59 6 0.399974 0.39172 0.00825351
22497 22200 297 3 0.899948 0.865841 0.0341071
23417 23173 244 7 0.399987 0.371432 0.0285553
24260 23901 359 2 0.799895 0.756071 0.043824
24507 24329 178 5 0.699986 0.67724 0.0227454
24654 24482 172 4 0.299952 0.279826 0.0201266
25074 24964 110 9 0.599963 0.584418 0.0155444
25648 25424 224 1 0.399904 0.373329 0.0265746
25842 25560 282 3 0.699967 0.667215 0.0327522
26263 26169 94 8 0.49994 0.488735 0.0112051
27034 26977 57 2 0.799962 0.791795 0.00816638
27829 27490 339 5 0.799978 0.758191 0.0417864
27829 27683 146 6 0.49995 0.481966 0.0179841
28295 28061 234 0 0.299954 0.270039 0.0299159
29559 29372 187 7 0.599932 0.577844 0.0220884
