Time: Decision time: Time difference: ID: Decision charge: Docking charge: Charge difference: 
931 820 111 9 0.899924 0.88732 0.0126037
950 803 147 0 0.899911 0.879799 0.0201116
1603 1528 75 8 0.799907 0.789875 0.0100317
1816 1496 320 2 0.799944 0.761567 0.0383773
2478 2420 58 3 0.699954 0.692148 0.0078061
2521 2390 131 6 0.699911 0.682275 0.0176362
2555 2423 132 5 0.699894 0.683413 0.0164809
2692 2399 293 1 0.699963 0.663426 0.0365372
4612 4538 74 3 0.899946 0.890546 0.00940006
4761 4656 105 6 0.899953 0.886061 0.0138916
4945 4850 95 4 0.399922 0.387444 0.0124777
5003 4688 315 0 0.599918 0.56298 0.036938
5170 4908 262 7 0.399891 0.367496 0.0323943
5565 5512 53 9 0.49983 0.492878 0.00695119
5611 5344 267 2 0.699895 0.664102 0.0357928
8264 8087 177 8 0.299988 0.278409 0.0215786
8477 8358 119 3 0.599948 0.585902 0.0140465
9349 9134 215 1 0.399758 0.373671 0.0260871
9487 9117 370 4 0.799963 0.754208 0.0457544
9802 9681 121 5 0.299928 0.285472 0.0144567
10433 10317 116 7 0.699964 0.685212 0.0147522
10441 10109 332 0 0.599926 0.559332 0.040594
10547 10344 203 2 0.599996 0.574959 0.0250362
11044 10917 127 6 0.2999 0.282761 0.017139
11105 10912 193 9 0.599803 0.575655 0.0241476
12814 12680 134 3 0.699949 0.684019 0.0159295
14022 13969 53 2 0.799992 0.791942 0.00804979
14040 13851 189 4 0.599973 0.57777 0.0222033
14540 14194 346 7 0.699938 0.659319 0.040619
15753 15441 312 8 0.499904 0.461689 0.0382157
16457 16332 125 0 0.499947 0.484258 0.0156887
16670 16616 54 3 0.699895 0.692034 0.00786125
16674 16518 156 2 0.799958 0.778823 0.0211344
16785 16596 189 4 0.899918 0.872575 0.0273428
16868 16469 399 6 0.699938 0.650098 0.0498408
17922 17789 133 1 0.299995 0.283978 0.0160171
18056 17761 295 5 0.399957 0.365028 0.0349298
18750 18449 301 9 0.299916 0.265577 0.0343391
20051 19766 285 4 0.699978 0.666751 0.0332269
21106 20861 245 7 0.399931 0.36999 0.029941
21760 21675 85 6 0.599907 0.589003 0.0109045
22088 21881 207 0 0.599914 0.574762 0.0251519
22354 22192 162 8 0.499942 0.479701 0.0202407
22503 22342 161 5 0.799953 0.780657 0.0192961
22789 22522 267 2 0.39991 0.367376 0.0325338
23178 22975 203 3 0.399948 0.373659 0.0262887
24574 24245 329 1 0.599944 0.561529 0.0384143
25239 25087 152 9 0.599984 0.580957 0.0190261
26008 25666 342 4 0.499922 0.460082 0.0398403
26255 25931 324 6 0.699942 0.661745 0.0381966
26625 26364 261 0 0.699987 0.669449 0.030538
27094 26775 319 5 0.599898 0.561316 0.0385817
27862 27793 69 8 0.59999 0.589351 0.0106391
28838 28561 277 9 0.799956 0.766482 0.0334747
28846 28681 165 7 0.399976 0.380956 0.0190197
28963 28740 223 2 0.599976 0.574135 0.0258413
29840 29735 105 1 0.599954 0.585383 0.0145715
