4100 4047 53 8 0.49993 0.492605 0.00732503 9 0 9 0
4112 4058 54 6 0.499892 0.492215 0.00767738 8 1 8 1
4126 3921 205 5 0.499946 0.47557 0.0243758 9 0 9 0
4191 4132 59 1 0.499926 0.492213 0.00771385 7 2 7 2
4218 3944 274 2 0.499917 0.467826 0.0320917 8 1 8 1
4247 3986 261 0 0.499892 0.466837 0.0330544 9 0 9 0
4407 4071 336 7 0.4999 0.460285 0.0396152 9 0 9 0
6173 4108 2065 3 0.499915 0.287542 0.212372 9 0 9 0
6187 4031 2156 4 0.499885 0.277341 0.222544 7 2 8 2
10309 10219 90 8 0.499925 0.489694 0.0102303 7 2 7 2
10408 10175 233 6 0.499974 0.468312 0.0316625 6 3 6 3
10593 10540 53 0 0.499762 0.491889 0.00787259 7 2 6 2
10619 10259 360 1 0.499945 0.455672 0.0442731 7 2 7 2
10758 10601 157 2 0.499946 0.480059 0.0198876 8 1 8 1
10777 10432 345 5 0.499989 0.457516 0.0424723 7 2 7 2
10897 10738 159 7 0.499996 0.479801 0.0201947 7 2 7 2
13571 13296 275 3 0.499924 0.467099 0.0328256 6 3 4 3
13651 13337 314 4 0.499982 0.460198 0.0397837 5 4 3 4
16514 16459 55 8 0.499946 0.493905 0.00604111 7 2 6 1
16873 16643 230 0 0.499904 0.471845 0.0280594 8 1 6 0
16977 16692 285 6 0.499924 0.463896 0.0360276 7 2 6 0
16979 16926 53 1 0.499983 0.492692 0.0072908 8 1 8 0
17054 16966 88 5 0.499959 0.488161 0.0117977 5 4 3 3
17150 16935 215 2 0.499918 0.475321 0.0245971 8 1 8 0
17395 17173 222 7 0.499958 0.474692 0.0252663 7 2 6 0
20260 19967 293 3 0.499918 0.466291 0.0336278 8 1 6 1
20389 20070 319 4 0.499962 0.462001 0.0379618 8 1 7 0
22810 22722 88 8 0.499936 0.490265 0.00967111 8 1 7 0
23150 23097 53 5 0.499828 0.49269 0.00713809 7 2 7 1
23309 23139 170 0 0.499893 0.480953 0.0189395 7 2 6 2
23351 23008 343 1 0.49995 0.456493 0.0434571 6 3 5 2
23547 23441 106 2 0.499902 0.485463 0.0144387 6 3 6 2
23678 23324 354 6 0.49995 0.455244 0.0447061 8 1 8 0
23837 23665 172 7 0.499924 0.478531 0.0213925 5 4 5 3
26680 26623 57 3 0.499926 0.492611 0.00731474 6 3 5 3
26950 26806 144 4 0.499919 0.481676 0.0182429 6 3 4 2
29140 28954 186 8 0.499946 0.474449 0.0254965 7 2 7 1
29342 29289 53 5 0.499976 0.492672 0.00730462 6 3 6 2
29769 29581 188 0 0.499979 0.477985 0.021994 9 0 7 0
29953 29721 232 2 0.499952 0.470844 0.0291079 8 1 7 0
