4014 3950 64 0 0.499933 0.492361 0.00757215 9 0 9 0
4062 3982 80 1 0.499911 0.486737 0.013174 8 1 8 1
4084 4023 61 3 0.499947 0.491406 0.00854045 8 1 8 1
4102 3960 142 6 0.499944 0.481832 0.018112 9 0 9 0
4153 4064 89 5 0.4999 0.488706 0.0111943 9 0 9 0
4246 3975 271 4 0.499893 0.467102 0.0327912 8 1 8 1
4260 3944 316 7 0.499968 0.460889 0.0390792 9 0 9 0
6088 4067 2021 8 0.499969 0.292146 0.207823 9 0 9 0
6159 4035 2124 2 0.499994 0.281135 0.218859 9 0 9 0
6162 4090 2072 9 0.499909 0.28614 0.213769 6 3 6 3
10287 10200 87 0 0.499891 0.48725 0.012641 8 1 8 1
10414 10294 120 1 0.499951 0.485253 0.0146984 9 0 8 0
10545 10319 226 3 0.499899 0.473697 0.0262017 9 0 7 0
10608 10414 194 5 0.499899 0.478616 0.0212827 6 3 5 3
10623 10347 276 6 0.499963 0.468922 0.0310408 8 1 7 1
10668 10615 53 4 0.499873 0.493794 0.00607888 7 2 7 2
10731 10678 53 7 0.499997 0.491934 0.00806313 6 3 6 3
13233 13050 183 8 0.499952 0.479026 0.0209255 8 1 7 1
13599 13316 283 2 0.499892 0.46664 0.0332528 5 4 4 4
13623 13263 360 9 0.49997 0.45601 0.0439607 8 1 6 1
16479 16394 85 0 0.499987 0.488471 0.0115159 8 1 8 1
16837 16663 174 1 0.499935 0.478766 0.021169 7 2 7 2
16926 16836 90 5 0.499991 0.488418 0.0115726 8 1 8 0
16984 16926 58 7 0.499945 0.491465 0.00848017 7 2 6 1
17159 16825 334 3 0.499922 0.459509 0.0404135 8 1 8 1
17260 16958 302 6 0.499986 0.464248 0.0357375 8 1 8 1
17274 16920 354 4 0.499896 0.457424 0.0424721 8 1 7 1
19760 19559 201 8 0.499952 0.476544 0.0234075 4 5 4 5
20028 19913 115 2 0.499891 0.487234 0.012657 6 3 4 3
20245 20052 193 9 0.499945 0.476846 0.0230982 6 3 4 3
22854 22689 165 0 0.49991 0.48096 0.0189506 5 4 5 4
23203 23093 110 7 0.499914 0.485788 0.0141267 6 3 6 3
23289 23085 204 1 0.499938 0.475336 0.0246027 8 1 7 1
23445 23141 304 5 0.499943 0.465693 0.0342498 7 2 7 2
23658 23601 57 4 0.498568 0.491948 0.00662015 8 1 6 0
23700 23452 248 3 0.499899 0.468469 0.0314301 8 1 5 1
23929 23617 312 6 0.499945 0.463257 0.0366885 8 1 7 1
26264 26113 151 8 0.499961 0.482764 0.0171969 6 3 6 3
26624 26571 53 9 0.499912 0.491993 0.00791972 7 2 7 2
26653 26313 340 2 0.499944 0.460299 0.0396447 7 2 6 2
29248 28998 250 0 0.499944 0.470055 0.029889 5 4 5 4
29471 29329 142 7 0.499978 0.482417 0.0175609 8 1 8 0
29691 29596 95 1 0.499922 0.485705 0.0142165 8 1 7 1
29982 29798 184 5 0.499941 0.476327 0.0236146 4 5 4 5
