3986 3933 53 2 0.499988 0.492443 0.0075442 8 0 8 0
4069 3993 76 6 0.499941 0.489555 0.0103864 9 0 9 0
4081 4000 81 1 0.499939 0.488464 0.0114749 8 1 8 1
4083 3976 107 4 0.499935 0.485612 0.0143226 9 0 9 0
4110 4031 79 0 0.499991 0.488001 0.0119892 6 3 6 3
4119 3981 138 9 0.499857 0.482847 0.01701 8 1 8 1
4138 3938 200 8 0.499942 0.473684 0.026258 8 0 8 0
6060 4014 2046 7 0.499965 0.290186 0.209778 8 1 8 1
6155 4036 2119 3 0.4999 0.282984 0.216916 6 3 6 3
6171 3998 2173 5 0.499993 0.278061 0.221932 9 0 9 0
10395 10294 101 6 0.499956 0.488237 0.0117192 8 1 8 1
10401 10289 112 4 0.499895 0.486254 0.0136412 9 0 8 0
10480 10146 334 2 0.499924 0.461264 0.0386603 8 1 8 1
10495 10372 123 8 0.499972 0.485197 0.014775 8 1 5 1
10556 10351 205 0 0.499904 0.477274 0.0226297 7 2 6 2
10590 10289 301 1 0.499997 0.465004 0.0349928 7 2 6 2
10758 10404 354 9 0.499956 0.457778 0.0421784 7 2 7 2
13379 13151 228 7 0.499899 0.472587 0.0273115 4 5 3 5
13481 13280 201 3 0.499901 0.476741 0.0231606 5 4 4 4
13684 13325 359 5 0.499854 0.456228 0.0436268 8 1 8 1
16710 16606 104 6 0.499917 0.486941 0.0129756 8 1 7 1
16712 16658 54 4 0.499922 0.492145 0.00777775 8 1 7 1
16927 16827 100 2 0.499919 0.488584 0.0113345 7 2 6 2
16995 16921 74 1 0.499984 0.490368 0.00961647 8 1 7 1
17029 16793 236 0 0.49996 0.470011 0.0299491 9 0 8 0
17106 16760 346 8 0.499822 0.457528 0.0422943 7 2 7 2
17245 17106 139 9 0.499903 0.484125 0.015778 7 2 7 2
19973 19722 251 7 0.499959 0.468611 0.0313478 5 4 5 2
19981 19783 198 3 0.499968 0.474808 0.0251598 7 2 6 1
20342 20237 105 5 0.478802 0.464024 0.0147773 6 3 6 3
23096 22913 183 4 0.499933 0.474996 0.0249369 7 2 6 2
23203 22948 255 6 0.499906 0.467784 0.0321225 9 0 9 0
23329 23160 169 2 0.499939 0.476636 0.0233036 6 3 6 2
23395 23236 159 0 0.499914 0.476814 0.0231 7 2 5 2
23401 23348 53 8 0.499916 0.492451 0.00746506 6 3 6 2
23479 23203 276 1 0.499894 0.467065 0.0328297 8 1 8 1
23695 23499 196 9 0.499893 0.47591 0.0239829 5 4 5 4
26421 26336 85 7 0.499921 0.48913 0.0107902 3 6 3 6
26468 26300 168 3 0.499991 0.479397 0.0205942 6 3 6 3
27037 26745 292 5 0.499941 0.466766 0.0331747 8 1 7 1
29530 29374 156 4 0.499938 0.482529 0.0174091 7 2 7 2
29668 29530 138 8 0.499976 0.481248 0.018728 7 2 7 2
29748 29470 278 6 0.499924 0.467513 0.0324115 8 1 8 1
29824 29730 94 0 0.499995 0.486538 0.0134577 7 2 7 2
29930 29814 116 1 0.499785 0.485488 0.0142979 8 1 6 1
29949 29600 349 2 0.499928 0.454432 0.0454967 8 1 8 0
