4092 3962 130 0 0.499904 0.483993 0.0159117 9 0 9 0
4156 4022 134 5 0.499981 0.483523 0.0164576 9 0 9 0
4223 3874 349 8 0.499949 0.460336 0.0396125 9 0 9 0
4242 3988 254 1 0.499957 0.469577 0.0303803 9 0 9 0
4258 3956 302 9 0.49991 0.463533 0.0363765 9 0 9 0
4263 4040 223 7 0.499924 0.472412 0.0275121 7 2 7 2
4266 3949 317 2 0.499948 0.459547 0.0404009 9 0 9 0
6200 3968 2232 4 0.499969 0.270306 0.229662 7 2 7 2
6266 3992 2274 6 0.499983 0.266701 0.233283 7 2 7 2
6409 4101 2308 3 0.499941 0.265221 0.234719 7 2 7 2
10552 10496 56 7 0.499899 0.492303 0.00759648 7 2 6 2
10670 10545 125 2 0.499942 0.486091 0.0138516 9 0 8 0
10692 10329 363 0 0.499825 0.45789 0.0419346 8 1 7 1
10737 10443 294 5 0.499978 0.463686 0.0362926 8 1 8 1
10746 10602 144 8 0.499928 0.484097 0.0158311 7 2 5 2
10816 10531 285 1 0.499925 0.466636 0.0332883 7 2 7 2
10931 10585 346 9 0.499922 0.457566 0.0423559 8 1 8 1
13608 13366 242 4 0.4999 0.468344 0.0315557 8 1 8 1
13687 13498 189 6 0.499988 0.478623 0.0213646 5 4 3 4
13725 13479 246 3 0.499879 0.467058 0.0328214 9 0 9 0
16848 16763 85 7 0.499918 0.490576 0.00934111 7 2 7 1
17087 16922 165 8 0.499904 0.478889 0.0210142 7 2 7 2
17196 17014 182 5 0.499953 0.479689 0.0202642 6 3 6 3
17222 16933 289 2 0.4999 0.463315 0.0365849 6 3 6 3
17331 17143 188 0 0.499928 0.476766 0.023162 8 1 8 1
17473 17167 306 1 0.499927 0.461206 0.0387211 5 4 5 3
17536 17365 171 9 0.499985 0.479856 0.0201291 7 2 6 2
20188 19979 209 4 0.499923 0.475175 0.0247474 7 2 4 2
20217 20063 154 6 0.49992 0.482989 0.0169311 6 3 6 3
20473 20160 313 3 0.499894 0.464591 0.0353035 6 3 6 3
23287 23113 174 7 0.499914 0.478505 0.0214086 8 1 8 1
23437 23384 53 5 0.499996 0.493577 0.00641879 7 2 7 2
23549 23495 54 2 0.499908 0.492549 0.00735814 8 1 7 1
23592 23309 283 8 0.499999 0.464111 0.0358875 9 0 9 0
23779 23569 210 0 0.499955 0.476639 0.0233155 9 0 8 0
24000 23897 103 1 0.499987 0.485164 0.014824 7 2 7 2
24233 23887 346 9 0.4999 0.458745 0.0411544 6 3 6 3
26750 26571 179 6 0.499901 0.478958 0.0209431 7 2 7 2
26885 26558 327 4 0.499938 0.463243 0.0366951 6 3 6 3
26964 26788 176 3 0.499982 0.476699 0.0232824 6 3 6 3
29696 29579 117 5 0.499993 0.485657 0.0143359 7 2 7 2
29861 29520 341 7 0.499869 0.460783 0.039086 7 2 7 2
29921 29756 165 2 0.499989 0.479456 0.0205334 9 0 8 0
