4082 4013 69 0 0.499924 0.491364 0.0085606 9 0 9 0
4124 4071 53 4 0.49993 0.493379 0.00655141 8 1 8 1
4171 4055 116 6 0.499922 0.484798 0.0151234 8 1 8 1
4186 4120 66 2 0.499931 0.490694 0.00923695 8 0 8 0
4187 4002 185 1 0.499929 0.477526 0.0224034 9 0 9 0
4304 4145 159 7 0.499917 0.480135 0.0197816 6 2 6 2
4308 4039 269 5 0.499993 0.468774 0.0312187 9 0 9 0
6160 3977 2183 8 0.499943 0.274472 0.225471 9 0 9 0
6194 4054 2140 3 0.49995 0.279941 0.220009 9 0 9 0
6267 4118 2149 9 0.499911 0.277026 0.222885 9 0 9 0
10576 10494 82 1 0.499997 0.490378 0.00961926 7 2 7 2
10600 10284 316 0 0.499893 0.461699 0.0381941 7 2 7 2
10605 10294 311 4 0.499963 0.46208 0.0378836 6 3 6 3
10671 10382 289 6 0.499922 0.466938 0.0329843 7 2 6 2
10721 10527 194 7 0.499903 0.47669 0.0232128 8 1 8 1
10788 10362 426 2 0.499889 0.445847 0.0540427 9 0 9 0
10864 10618 246 5 0.499981 0.471319 0.0286623 8 1 7 1
13361 13272 89 8 0.499856 0.489249 0.0106068 4 5 3 5
13533 13426 107 9 0.499932 0.486099 0.0138336 3 6 3 6
13562 13221 341 3 0.499995 0.459744 0.0402506 3 6 2 6
16858 16556 302 1 0.499985 0.461012 0.0389734 9 0 7 0
16888 16826 62 7 0.499836 0.492816 0.00702054 8 1 8 1
17047 16919 128 0 0.499915 0.482404 0.0175114 8 1 7 1
17235 16954 281 6 0.499938 0.466744 0.0331944 8 1 8 1
17333 17253 80 5 0.486681 0.477592 0.00908912 8 1 7 1
17343 17202 141 2 0.499858 0.483394 0.0164639 6 3 6 3
17366 17000 366 4 0.499852 0.455826 0.0440261 8 1 8 1
19786 19538 248 8 0.49995 0.468843 0.0311075 4 5 3 5
19845 19792 53 9 0.499833 0.492169 0.00766458 3 6 2 5
20046 19910 136 3 0.499938 0.481373 0.0185649 4 5 4 5
23195 23139 56 1 0.499911 0.491527 0.00838341 9 0 7 0
23288 23235 53 0 0.499891 0.492426 0.00746439 9 0 9 0
23468 23099 369 7 0.499942 0.455497 0.0444452 8 1 7 1
23700 23583 117 6 0.499916 0.483402 0.016514 9 0 8 0
23736 23639 97 2 0.499934 0.487539 0.0123948 8 1 8 1
23930 23595 335 5 0.499992 0.462093 0.0378986 9 0 9 0
24140 23747 393 4 0.499899 0.45374 0.0461583 7 2 7 1
26163 26011 152 9 0.499977 0.482762 0.0172154 4 5 4 5
26409 26141 268 8 0.499941 0.468711 0.0312291 6 3 6 3
26512 26419 93 3 0.499903 0.489059 0.0108449 6 3 6 3
29384 29308 76 1 0.499921 0.489236 0.0106844 6 3 5 3
29721 29493 228 0 0.499893 0.472522 0.027371 8 1 7 1
