4074 3959 115 5 0.499901 0.485518 0.0143834 8 0 8 0
4117 3996 121 8 0.499906 0.485603 0.0143025 8 1 8 1
4154 4015 139 7 0.499919 0.484476 0.0154428 9 0 9 0
4164 4047 117 3 0.499933 0.484677 0.0152569 8 1 8 1
4189 4104 85 4 0.499902 0.48997 0.00993238 8 1 8 1
4205 4014 191 9 0.499953 0.476019 0.0239338 9 0 9 0
4317 3967 350 2 0.499903 0.458928 0.0409752 9 0 9 0
6176 4028 2148 1 0.499982 0.279447 0.220535 8 1 8 1
6219 4098 2121 6 0.499961 0.281819 0.218142 8 1 8 1
6260 4162 2098 0 0.499903 0.286634 0.213269 7 1 7 1
10541 10341 200 3 0.499822 0.476792 0.0230302 6 3 6 3
10542 10177 365 5 0.499944 0.456346 0.0435976 9 0 9 0
10589 10350 239 4 0.499955 0.473071 0.0268839 9 0 9 0
10618 10374 244 9 0.499985 0.468366 0.0316189 7 2 7 2
10629 10315 314 8 0.499898 0.461281 0.0386166 8 1 8 1
10698 10435 263 7 0.49991 0.468557 0.0313528 7 2 7 2
10756 10645 111 2 0.499965 0.487239 0.0127266 7 2 7 2
13428 13374 54 0 0.499926 0.493688 0.00623799 8 1 6 1
13645 13360 285 1 0.499976 0.467605 0.0323709 5 4 5 4
13688 13350 338 6 0.499983 0.461086 0.0388972 5 4 5 3
17118 16860 258 3 0.499966 0.469093 0.030873 8 1 7 1
17186 16930 256 5 0.499947 0.471445 0.028502 9 0 9 0
17268 17028 240 7 0.499913 0.471083 0.0288307 7 2 6 2
17269 16996 273 9 0.499933 0.468664 0.0312698 9 0 8 0
17290 16917 373 4 0.49989 0.452726 0.047164 9 0 9 0
17401 17091 310 8 0.49991 0.464416 0.035494 8 1 8 1
17419 17130 289 2 0.499896 0.464031 0.0358657 8 1 8 1
19967 19672 295 0 0.499958 0.464904 0.0350538 4 5 4 5
20099 20044 55 1 0.499921 0.492876 0.00704423 7 2 7 1
20328 20119 209 6 0.499939 0.47594 0.0239988 5 4 5 3
23615 23562 53 5 0.499963 0.491687 0.00827546 8 1 8 1
23676 23521 155 3 0.4999 0.48043 0.0194698 8 1 6 1
23787 23498 289 7 0.499924 0.46566 0.0342647 9 0 9 0
23789 23661 128 8 0.499897 0.485173 0.0147247 6 3 4 3
23822 23620 202 4 0.49992 0.475215 0.0247052 8 1 8 1
23893 23729 164 9 0.499953 0.48098 0.018973 9 0 6 0
24225 23873 352 2 0.499881 0.45684 0.0430406 7 2 7 2
26425 26304 121 0 0.499916 0.484117 0.0157993 6 3 6 3
26500 26333 167 1 0.499945 0.477204 0.0227417 6 3 3 3
26842 26651 191 6 0.499916 0.477926 0.0219901 6 3 6 3
