4020 3770 250 0 0.499993 0.470786 0.029207 9 0 9 0
4024 3969 55 2 0.49987 0.491617 0.00825389 9 0 9 0
4110 4039 71 7 0.499931 0.491689 0.00824123 8 1 8 1
4197 4092 105 1 0.499921 0.485577 0.0143443 8 0 8 0
4268 3938 330 9 0.499959 0.460539 0.0394202 8 0 8 0
4289 4000 289 6 0.499972 0.464223 0.0357491 8 0 8 0
4353 4077 276 5 0.499935 0.467061 0.0328746 7 1 7 1
6101 4035 2066 4 0.499866 0.285212 0.214653 7 2 7 2
6182 4024 2158 3 0.499969 0.277181 0.222788 9 0 9 0
6187 4102 2085 8 0.499941 0.284399 0.215542 8 1 8 1
10239 10143 96 2 0.49999 0.488987 0.0110024 9 0 8 0
10432 10275 157 7 0.499757 0.482179 0.0175779 9 0 9 0
10571 10508 63 1 0.49996 0.49104 0.00892049 7 2 7 2
10714 10592 122 9 0.499963 0.484789 0.0151745 7 2 6 2
10732 10376 356 0 0.499894 0.460161 0.0397325 9 0 9 0
10910 10603 307 6 0.499986 0.463925 0.0360606 7 2 6 2
10980 10753 227 5 0.499947 0.471755 0.0281915 8 1 8 1
13385 13258 127 8 0.499906 0.484768 0.0151384 8 1 7 1
13387 13202 185 4 0.499989 0.477507 0.0224822 6 3 6 3
13626 13314 312 3 0.499914 0.462547 0.0373672 5 4 5 4
16648 16531 117 2 0.499912 0.484041 0.0158711 7 2 5 2
16775 16636 139 7 0.499922 0.483042 0.01688 9 0 9 0
17069 16758 311 1 0.499941 0.463341 0.0365998 9 0 8 0
17212 17069 143 0 0.499929 0.479633 0.0202959 6 3 6 3
17340 16978 362 9 0.499895 0.45713 0.0427647 8 1 8 1
17486 17234 252 6 0.499794 0.471657 0.0281378 9 0 8 0
17548 17252 296 5 0.499912 0.465717 0.0341952 8 1 8 1
19838 19699 139 8 0.499907 0.480429 0.0194772 6 3 6 3
19927 19707 220 4 0.499906 0.471208 0.0286982 5 4 4 4
20164 19931 233 3 0.499907 0.471072 0.028835 8 1 8 1
23124 22946 178 7 0.499938 0.477914 0.022024 6 3 6 3
23241 22986 255 2 0.499998 0.469688 0.0303107 8 1 8 1
23493 23436 57 1 0.499995 0.490783 0.00921168 6 3 5 3
23684 23534 150 9 0.499981 0.48236 0.0176211 7 2 7 2
23734 23493 241 0 0.499902 0.473095 0.0268064 8 1 8 1
23819 23761 58 6 0.499905 0.491831 0.00807383 5 4 5 4
24083 23722 361 5 0.499999 0.440147 0.0598527 8 1 7 1
26174 26083 91 8 0.499797 0.487124 0.0126728 5 4 4 4
26391 26224 167 4 0.49994 0.477359 0.0225816 5 4 5 3
26960 26594 366 3 0.499994 0.455631 0.0443632 4 5 3 5
29694 29568 126 2 0.499992 0.484547 0.0154446 9 0 8 0
29775 29411 364 7 0.499769 0.458402 0.0413667 7 2 7 2
29794 29690 104 1 0.49993 0.4866 0.0133306 8 1 8 1
