4014 3868 146 9 0.4999 0.483817 0.016083 9 0 9 0
4099 4046 53 1 0.499914 0.492136 0.00777791 7 2 7 2
4102 3982 120 0 0.499968 0.485215 0.0147529 9 0 9 0
4162 4019 143 4 0.499918 0.480805 0.0191136 9 0 9 0
4198 4067 131 2 0.499924 0.482497 0.0174275 6 3 6 3
4374 4018 356 5 0.499993 0.455379 0.0446143 9 0 9 0
4419 4079 340 7 0.499909 0.46001 0.0398997 9 0 9 0
6123 4131 1992 3 0.499981 0.293513 0.206468 8 1 8 1
6205 4087 2118 8 0.499995 0.279215 0.220779 8 1 8 1
10177 10124 53 1 0.499943 0.492982 0.00696113 8 1 7 1
10397 10344 53 2 0.499969 0.492396 0.00757272 7 2 7 2
10430 10256 174 0 0.499969 0.48072 0.019249 9 0 8 0
10453 10257 196 9 0.499994 0.476406 0.0235883 8 1 8 1
10601 10368 233 4 0.499992 0.472162 0.0278308 6 3 5 3
10899 10821 78 5 0.499902 0.491009 0.00889362 7 2 6 2
10985 10809 176 7 0.499959 0.478032 0.0219271 5 4 3 4
13245 13020 225 3 0.49992 0.470124 0.0297964 6 3 5 3
13426 13373 53 8 0.499907 0.49347 0.00643753 6 3 5 3
16405 16350 55 1 0.499947 0.491955 0.00799266 7 2 6 2
16683 16585 98 2 0.499943 0.488899 0.011044 7 2 7 1
16891 16641 250 0 0.499989 0.468982 0.0310067 7 2 6 2
16942 16624 318 9 0.499972 0.462719 0.0372522 8 1 8 0
17123 16845 278 4 0.499979 0.468585 0.0313941 7 2 7 1
17223 17165 58 5 0.474063 0.467444 0.00661883 6 3 6 2
17442 17202 240 7 0.499899 0.469111 0.0307882 7 2 7 1
19661 19507 154 3 0.499908 0.479064 0.0208442 7 2 6 2
19667 19614 53 8 0.499818 0.492617 0.00720016 7 2 6 2
22528 22416 112 1 0.499941 0.486301 0.0136403 9 0 8 0
22953 22796 157 2 0.499989 0.476677 0.0233116 7 2 7 1
23197 23129 68 9 0.499929 0.491392 0.00853728 8 1 7 0
23456 23129 327 0 0.499871 0.460378 0.0394932 8 1 7 1
23731 23524 207 4 0.499999 0.47583 0.0241684 7 2 7 1
23732 23596 136 5 0.499989 0.482522 0.0174677 7 2 7 1
23941 23688 253 7 0.499922 0.468789 0.0311329 6 3 6 2
26068 25837 231 8 0.499921 0.474361 0.0255602 7 2 5 2
26319 25960 359 3 0.499908 0.457805 0.0421029 6 3 5 3
28969 28649 320 1 0.499965 0.461911 0.0380536 7 2 6 2
29361 29188 173 2 0.499891 0.480509 0.0193821 8 1 8 0
29622 29467 155 9 0.49992 0.478544 0.0213757 7 2 7 1
29947 29894 53 4 0.4998 0.493445 0.0063555 7 2 6 1
29988 29714 274 0 0.499926 0.465448 0.0344781 9 0 8 0
29990 29895 95 5 0.499776 0.485384 0.014392 5 4 5 3
