3940 3887 53 5 0.499985 0.492461 0.00752333 9 0 9 0
3970 3917 53 7 0.499898 0.494073 0.00582425 8 1 8 1
4067 3981 86 6 0.499995 0.487791 0.0122042 8 1 8 1
4100 4027 73 8 0.499943 0.489578 0.0103653 9 0 9 0
4133 4062 71 3 0.499943 0.492086 0.00785641 7 2 7 2
4164 3983 181 4 0.499933 0.476551 0.0233827 9 0 9 0
4246 3920 326 2 0.499936 0.461793 0.038143 9 0 9 0
6014 4083 1931 0 0.499892 0.302871 0.197021 9 0 9 0
6037 4071 1966 9 0.499928 0.296982 0.202946 9 0 9 0
6160 4180 1980 1 0.499768 0.295318 0.20445 9 0 9 0
10266 10163 103 5 0.499961 0.487969 0.0119927 8 1 7 1
10279 10133 146 8 0.499799 0.482972 0.0168268 8 1 8 1
10290 10021 269 7 0.499998 0.468048 0.0319504 8 1 7 1
10406 10230 176 3 0.49992 0.478179 0.0217418 9 0 8 0
10520 10227 293 6 0.499908 0.466615 0.0332937 9 0 9 0
10743 10450 293 4 0.499918 0.465044 0.0348745 6 3 6 3
10844 10600 244 2 0.499922 0.471136 0.0287852 7 2 7 2
13323 13086 237 9 0.499921 0.473172 0.0267487 7 2 7 2
13357 13037 320 0 0.49996 0.462685 0.0372745 3 6 3 6
13438 13192 246 1 0.499931 0.471702 0.0282288 7 2 6 2
16562 16506 56 8 0.499916 0.491527 0.00838925 8 1 8 1
16721 16667 54 3 0.499964 0.492994 0.00696953 8 1 8 1
16781 16418 363 5 0.499929 0.45516 0.0447695 6 3 6 3
16942 16767 175 6 0.499934 0.478246 0.0216882 7 2 7 2
17327 16666 661 7 0.499991 0.423802 0.0761887 8 1 7 0
17329 17158 171 2 0.499972 0.47969 0.0202819 8 1 8 1
17413 17045 368 4 0.499956 0.455681 0.0442754 7 2 7 2
19809 19741 68 0 0.49999 0.490981 0.00900931 6 3 6 1
19953 19672 281 9 0.499953 0.464134 0.0358182 6 3 3 3
20081 19779 302 1 0.499931 0.463436 0.0364948 5 4 4 3
22901 22758 143 8 0.499998 0.481913 0.018085 6 3 5 3
22988 22898 90 3 0.499939 0.489676 0.0102625 9 0 8 0
23279 23101 178 5 0.499927 0.478798 0.0211295 8 1 8 1
23324 23241 83 6 0.499979 0.488458 0.0115206 8 1 8 1
23757 23607 150 2 0.499969 0.483238 0.0167313 8 1 8 1
23902 23812 90 4 0.499939 0.489014 0.0109242 7 2 6 2
23964 23833 131 7 0.49991 0.481275 0.0186352 7 2 7 2
26334 26069 265 0 0.499951 0.469243 0.0307083 5 4 5 4
26550 26472 78 1 0.499906 0.491013 0.00889306 5 4 5 2
26610 26276 334 9 0.499959 0.45973 0.0402286 8 1 7 1
29306 29079 227 8 0.499943 0.472173 0.0277703 6 3 6 3
29452 29239 213 3 0.499923 0.47583 0.0240927 8 1 8 1
29568 29457 111 6 0.499973 0.485693 0.01428 6 3 6 3
29968 29620 348 5 0.49994 0.455355 0.0445848 6 3 6 3
