3908 3846 62 1 0.499938 0.491378 0.00855979 9 0 9 0
4061 4008 53 7 0.499936 0.494051 0.00588466 9 0 9 0
4202 4098 104 8 0.499984 0.488553 0.0114311 9 0 9 0
4214 4020 194 9 0.499969 0.478637 0.0213313 8 1 8 1
4266 3932 334 3 0.499951 0.458807 0.0411442 9 0 9 0
4317 4060 257 2 0.499898 0.470917 0.0289816 8 1 8 1
4321 3996 325 4 0.499892 0.461951 0.0379411 9 0 9 0
5986 4079 1907 6 0.499906 0.304472 0.195434 9 0 9 0
6128 4139 1989 5 0.499809 0.293286 0.206524 8 1 8 1
6292 4160 2132 0 0.499894 0.280077 0.219817 6 3 6 3
10359 10019 340 1 0.499915 0.460087 0.0398277 8 1 8 1
10537 10217 320 7 0.499929 0.462062 0.037867 9 0 9 0
10633 10287 346 8 0.49991 0.458554 0.0413563 7 2 7 2
10736 10448 288 9 0.499893 0.466973 0.0329205 6 3 6 3
10866 10490 376 2 0.499785 0.4546 0.0451844 7 2 7 2
10946 10812 134 3 0.499947 0.482713 0.0172341 6 3 5 3
11054 10689 365 4 0.499896 0.455337 0.0445594 9 0 9 0
13315 13000 315 6 0.499997 0.463692 0.0363044 4 5 4 5
13388 13154 234 5 0.499945 0.472003 0.0279418 5 4 5 4
13730 13465 265 0 0.499903 0.469094 0.0308092 6 3 6 3
17025 16708 317 1 0.499961 0.458326 0.0416343 9 0 9 0
17154 16829 325 7 0.499901 0.462615 0.0372854 9 0 9 0
17229 16916 313 9 0.499946 0.462696 0.0372503 7 2 7 2
17261 17135 126 3 0.499947 0.482021 0.0179255 7 2 7 2
17435 17184 251 2 0.499898 0.468801 0.0310967 7 2 7 2
17454 17112 342 8 0.499923 0.458267 0.0416562 9 0 9 0
17635 17406 229 4 0.499906 0.470759 0.0291475 6 3 5 3
19874 19687 187 6 0.499993 0.475597 0.024396 3 6 3 6
20100 19767 333 5 0.4999 0.456469 0.0434313 4 5 4 4
20392 20100 292 0 0.499912 0.465173 0.0347395 4 5 4 5
23618 23477 141 7 0.499962 0.484461 0.0155011 8 1 8 1
23628 23371 257 1 0.499961 0.469555 0.0304054 8 1 8 1
23856 23527 329 3 0.49998 0.458626 0.0413535 9 0 9 0
23877 23691 186 2 0.49995 0.477469 0.0224806 8 1 8 1
24006 23825 181 8 0.499983 0.475112 0.0248703 6 3 6 3
24017 23685 332 9 0.499944 0.459355 0.0405892 9 0 8 0
24347 24011 336 4 0.499986 0.460438 0.039548 6 3 6 3
26316 26145 171 6 0.499969 0.478506 0.0214623 6 3 6 3
26810 26540 270 5 0.4999 0.467075 0.0328253 5 4 5 4
26855 26771 84 0 0.499898 0.489883 0.0100151 5 4 4 3
29965 29912 53 1 0.499766 0.491676 0.00809031 8 1 7 1
29973 29609 364 7 0.499908 0.452809 0.0470988 8 1 8 1
