4092 3962 130 0 0.499904 0.483993 0.0159117 9 0 9 0
4156 4022 134 5 0.499981 0.483523 0.0164576 9 0 9 0
4223 3874 349 8 0.499949 0.460336 0.0396125 9 0 9 0
4242 3988 254 1 0.499957 0.469577 0.0303803 9 0 9 0
4258 3956 302 9 0.49991 0.463533 0.0363765 9 0 9 0
4263 4040 223 7 0.499924 0.472412 0.0275121 7 2 7 2
6200 3949 2251 2 0.499948 0.266147 0.233801 9 0 9 0
6266 3968 2298 4 0.499969 0.263706 0.236262 7 2 7 2
6409 3992 2417 6 0.499983 0.252401 0.247583 7 2 7 2
6419 4101 2318 3 0.499941 0.264221 0.235719 7 2 7 2
10168 10069 99 8 0.499997 0.486218 0.0137786 9 0 7 0
10643 10498 145 7 0.499891 0.482497 0.0173938 8 1 7 1
10672 10617 55 1 0.499956 0.491942 0.00801374 7 2 7 2
10681 10386 295 5 0.499967 0.462404 0.0375629 8 1 7 1
10686 10619 67 9 0.499946 0.492204 0.0077427 3 6 3 6
10710 10393 317 0 0.499978 0.459452 0.0405261 8 1 8 1
13496 13330 166 2 0.499975 0.480623 0.0193524 7 2 7 2
13563 13505 58 4 0.49995 0.493193 0.00675761 8 1 8 1
13849 13627 222 6 0.499993 0.472828 0.0271654 8 1 6 1
13920 13672 248 3 0.499929 0.470554 0.0293754 8 1 8 1
16666 16384 282 8 0.499923 0.465662 0.0342618 8 1 7 1
16997 16839 158 1 0.499911 0.481709 0.0182016 8 1 8 1
17102 16881 221 7 0.499963 0.472839 0.0271234 9 0 8 0
17158 16942 216 5 0.499917 0.475975 0.0239421 8 1 8 0
17177 17069 108 0 0.499924 0.485374 0.0145503 6 3 6 3
17217 16948 269 9 0.499928 0.468111 0.0318168 8 1 8 1
20031 19712 319 2 0.499971 0.461138 0.038833 7 2 7 2
20075 19777 298 4 0.499794 0.466722 0.0330715 6 3 6 3
20381 20095 286 6 0.499978 0.468527 0.0314511 7 2 7 2
20451 20305 146 3 0.499834 0.481157 0.0186774 8 1 8 1
23196 22993 203 8 0.499964 0.474951 0.0250134 8 1 7 1
23391 23198 193 1 0.499933 0.477939 0.0219938 7 2 7 2
23415 23360 55 5 0.499974 0.492189 0.00778467 6 3 6 2
23446 23392 54 0 0.49992 0.493446 0.00647394 8 1 7 1
23479 23426 53 7 0.499986 0.493283 0.00670337 7 2 7 2
23835 23581 254 9 0.499904 0.469238 0.0306658 7 2 7 2
26730 26457 273 4 0.499967 0.467071 0.0328955 7 2 7 1
26813 26412 401 2 0.499818 0.44907 0.0507486 7 2 5 2
26822 26694 128 3 0.499922 0.482374 0.0175481 6 3 5 3
27018 26720 298 6 0.499914 0.46305 0.0368643 8 1 7 0
29592 29539 53 5 0.4999 0.493395 0.00650446 7 2 6 2
29832 29498 334 8 0.499959 0.458396 0.0415635 7 2 7 2
29946 29672 274 0 0.49992 0.467569 0.0323504 7 2 7 2
