4014 3868 146 9 0.4999 0.483817 0.016083 9 0 9 0
4099 4046 53 1 0.499914 0.492136 0.00777791 7 2 7 2
4102 3982 120 0 0.499968 0.485215 0.0147529 9 0 9 0
4162 4019 143 4 0.499918 0.480805 0.0191136 9 0 9 0
4198 4067 131 2 0.499924 0.482497 0.0174275 6 3 6 3
4419 4079 340 7 0.499909 0.46001 0.0398997 9 0 9 0
6123 4018 2105 5 0.499993 0.280479 0.219514 9 0 9 0
6174 4131 2043 3 0.499981 0.288413 0.211568 8 1 8 1
6312 4087 2225 8 0.499995 0.268515 0.231479 8 1 8 1
10227 10174 53 1 0.499842 0.492507 0.00733476 9 0 8 0
10437 10165 272 9 0.49999 0.467733 0.0322572 8 1 7 1
10482 10208 274 0 0.499987 0.468028 0.0319587 6 3 6 3
10483 10430 53 2 0.499936 0.491715 0.00822098 7 2 6 2
10775 10433 342 4 0.499901 0.459605 0.0402966 7 2 7 2
10995 10755 240 7 0.499892 0.468378 0.0315134 5 4 5 4
13568 13252 316 3 0.499938 0.464252 0.0356857 7 2 5 2
13623 13264 359 5 0.499936 0.454204 0.0457315 7 2 5 2
13720 13507 213 8 0.49994 0.47364 0.0262996 5 4 4 4
16663 16480 183 1 0.49992 0.477829 0.0220913 6 3 5 3
16791 16572 219 2 0.499954 0.47514 0.024814 8 1 7 1
16901 16648 253 9 0.499977 0.471064 0.0289126 8 1 8 0
16907 16852 55 0 0.499965 0.491716 0.00824956 7 2 7 1
17384 17100 284 4 0.499913 0.464893 0.0350196 5 4 5 3
17427 17289 138 7 0.499966 0.484794 0.0151711 6 3 6 2
19974 19883 91 3 0.499896 0.487862 0.0120338 6 3 5 3
20243 19968 275 5 0.499891 0.462939 0.0369528 6 3 5 3
20323 20116 207 8 0.499899 0.473757 0.0261413 7 2 6 2
23139 22848 291 1 0.499909 0.464799 0.0351109 6 3 5 2
23329 23021 308 0 0.499999 0.462107 0.037892 7 2 6 1
23393 23181 212 9 0.499903 0.476224 0.0236789 6 3 6 2
23451 23075 376 2 0.499906 0.450835 0.0490705 8 1 7 1
23753 23568 185 7 0.499934 0.474316 0.0256175 4 5 4 3
23928 23581 347 4 0.49992 0.459373 0.0405471 7 2 7 1
26382 26205 177 3 0.499982 0.476164 0.0238187 6 3 4 2
26851 26574 277 8 0.499986 0.467099 0.0328865 7 2 6 2
26878 26695 183 5 0.499988 0.476165 0.023823 7 2 5 2
29708 29492 216 1 0.49989 0.474137 0.0257533 8 1 7 1
29966 29714 252 0 0.499902 0.471287 0.0286151 7 2 6 1
