3940 3887 53 5 0.499985 0.492461 0.00752333 9 0 9 0
3970 3917 53 7 0.499898 0.494073 0.00582425 8 1 8 1
4067 3981 86 6 0.499995 0.487791 0.0122042 8 1 8 1
4100 4027 73 8 0.499943 0.489578 0.0103653 9 0 9 0
4133 4062 71 3 0.499943 0.492086 0.00785641 7 2 7 2
4164 3983 181 4 0.499933 0.476551 0.0233827 9 0 9 0
6014 3920 2094 2 0.499936 0.284993 0.214943 9 0 9 0
6037 4083 1954 0 0.499892 0.300571 0.199321 9 0 9 0
6160 4071 2089 9 0.499928 0.284682 0.215246 9 0 9 0
6185 4180 2005 1 0.499768 0.292818 0.20695 9 0 9 0
10143 10088 55 7 0.499974 0.493933 0.00604111 9 0 9 0
10464 10353 111 8 0.499934 0.485536 0.0143982 5 4 4 4
10533 10281 252 6 0.499845 0.466098 0.0337472 8 1 8 1
10549 10489 60 4 0.499823 0.490765 0.00905817 7 2 6 2
10570 10305 265 3 0.49992 0.464969 0.0349519 7 2 7 2
10605 10273 332 5 0.499999 0.458857 0.041142 8 1 7 1
13363 13047 316 2 0.499988 0.462893 0.0370951 6 3 5 3
13392 13259 133 1 0.499986 0.48291 0.0170756 3 6 3 6
13402 13049 353 0 0.499859 0.458269 0.0415905 7 2 7 2
13618 13246 372 9 0.499956 0.45607 0.0438869 6 3 6 3
16434 16300 134 7 0.499892 0.483761 0.0161316 8 1 7 1
16948 16703 245 4 0.499792 0.470195 0.0295966 7 2 7 1
17013 16960 53 3 0.499985 0.493069 0.00691505 7 2 6 2
17046 16700 346 8 0.499892 0.460309 0.0395824 6 3 6 1
17187 16874 313 6 0.49989 0.461778 0.0381119 6 3 6 3
17361 17033 328 5 0.499908 0.459989 0.0399193 6 3 6 3
19943 19785 158 0 0.499944 0.482494 0.0174506 6 3 6 2
20061 19693 368 2 0.499962 0.453952 0.0460096 6 3 6 3
20067 19701 366 1 0.499876 0.454801 0.0450747 6 3 6 2
20156 20002 154 9 0.499973 0.479387 0.0205859 5 4 5 3
22990 22706 284 7 0.499921 0.463403 0.0365179 7 2 7 2
23397 23343 54 8 0.499965 0.492047 0.00791822 8 1 8 1
23487 23289 198 4 0.499818 0.477715 0.0221039 9 0 9 0
23502 23145 357 3 0.499924 0.457954 0.0419704 7 2 7 2
23703 23506 197 6 0.4999 0.476599 0.0233006 7 2 7 1
23985 23747 238 5 0.499941 0.471473 0.0284685 7 2 7 2
26355 26247 108 0 0.499891 0.48802 0.0118711 5 4 5 4
26483 26361 122 1 0.499972 0.484992 0.0149797 9 0 9 0
26673 26441 232 9 0.499984 0.471714 0.0282694 8 1 8 1
26822 26531 291 2 0.499777 0.465014 0.0347629 7 2 7 2
29523 29395 128 7 0.499907 0.482243 0.0176643 9 0 9 0
29986 29855 131 3 0.499769 0.483347 0.0164215 8 1 7 1
30000 29651 349 8 0.499908 0.458108 0.0418 6 3 5 3
