4100 4047 53 8 0.49993 0.492605 0.00732503 9 0 9 0
4112 4058 54 6 0.499892 0.492215 0.00767738 8 1 8 1
4126 3921 205 5 0.499946 0.47557 0.0243758 9 0 9 0
4191 4132 59 1 0.499926 0.492213 0.00771385 7 2 7 2
4218 3944 274 2 0.499917 0.467826 0.0320917 8 1 8 1
4247 3986 261 0 0.499892 0.466837 0.0330544 9 0 9 0
6173 4108 2065 3 0.499915 0.287542 0.212372 9 0 9 0
6187 4031 2156 4 0.499885 0.277341 0.222544 7 2 8 2
6266 4071 2195 7 0.4999 0.274385 0.225515 9 0 9 0
10410 10197 213 6 0.499954 0.471577 0.028377 7 2 7 2
10461 10256 205 8 0.49997 0.474996 0.0249737 7 2 7 2
10481 10251 230 5 0.499974 0.470631 0.029343 7 2 7 2
10636 10298 338 1 0.499982 0.459921 0.0400609 7 2 7 2
10655 10573 82 0 0.499966 0.488173 0.011793 7 2 4 2
10669 10439 230 2 0.499917 0.471379 0.0285384 7 2 7 2
13444 13197 247 3 0.499761 0.472409 0.0273519 7 2 4 2
13457 13392 65 7 0.487497 0.48036 0.00713677 7 2 4 2
13590 13257 333 4 0.499996 0.459797 0.0401986 5 4 3 3
16601 16548 53 6 0.499912 0.492623 0.00728875 7 2 6 1
17123 16827 296 2 0.499997 0.46326 0.0367376 7 2 6 1
17142 16873 269 5 0.499919 0.469329 0.0305897 6 3 6 1
17144 16796 348 8 0.49998 0.458522 0.0414578 8 1 8 0
17201 16910 291 0 0.499994 0.465911 0.0340827 7 2 4 2
17201 16959 242 1 0.499905 0.471826 0.0280788 6 3 6 2
20039 19790 249 3 0.499893 0.470524 0.0293687 5 4 3 3
20040 19744 296 7 0.499989 0.461656 0.0383324 9 0 7 0
20091 19955 136 4 0.499938 0.482475 0.0174626 6 3 3 1
22815 22755 60 6 0.499962 0.493257 0.00670479 5 4 5 3
23497 23442 55 2 0.499838 0.491894 0.00794375 4 5 4 4
23560 23465 95 5 0.499828 0.485459 0.0143689 7 2 7 1
23677 23337 340 8 0.499987 0.459502 0.0404855 8 1 6 0
23739 23462 277 1 0.499892 0.466238 0.0336543 5 4 5 3
23852 23567 285 0 0.499982 0.466387 0.0335957 9 0 8 0
26573 26362 211 3 0.499976 0.473058 0.0269179 6 3 4 2
26579 26368 211 4 0.4999 0.473575 0.0263244 5 4 4 3
26957 26440 517 7 0.499992 0.414349 0.0856425 7 2 6 2
29184 28957 227 6 0.499948 0.47244 0.027508 5 4 5 3
29788 29658 130 2 0.499858 0.485147 0.0147107 7 2 7 1
