4074 3959 115 5 0.499901 0.485518 0.0143834 8 0 8 0
4117 3996 121 8 0.499906 0.485603 0.0143025 8 1 8 1
4154 4015 139 7 0.499919 0.484476 0.0154428 9 0 9 0
4164 4047 117 3 0.499933 0.484677 0.0152569 8 1 8 1
4189 4104 85 4 0.499902 0.48997 0.00993238 8 1 8 1
4205 4014 191 9 0.499953 0.476019 0.0239338 9 0 9 0
6176 3967 2209 2 0.499903 0.273028 0.226875 9 0 9 0
6219 4028 2191 1 0.499982 0.275147 0.224835 8 1 8 1
6260 4098 2162 6 0.499961 0.277719 0.222242 8 1 8 1
6269 4162 2107 0 0.499903 0.285734 0.214169 7 1 7 1
10540 10312 228 5 0.499966 0.473914 0.0260519 7 2 7 2
10564 10403 161 4 0.499941 0.479812 0.0201293 7 2 7 2
10567 10355 212 8 0.499942 0.475874 0.0240677 6 3 6 3
10679 10366 313 7 0.499951 0.463623 0.0363272 9 0 8 0
10699 10409 290 3 0.499926 0.464953 0.0349728 7 2 7 2
10779 10518 261 9 0.499898 0.471197 0.0287011 7 2 6 2
13496 13366 130 1 0.499912 0.48419 0.015722 5 4 5 4
13555 13358 197 2 0.49991 0.476187 0.0237227 5 4 5 4
13713 13354 359 6 0.499925 0.456798 0.0431271 7 2 7 2
13729 13368 361 0 0.499914 0.456203 0.0437107 8 1 8 1
16932 16873 59 5 0.499945 0.493464 0.00648111 9 0 9 0
17119 17033 86 9 0.499979 0.489204 0.0107747 7 2 7 2
17121 16994 127 7 0.499948 0.484792 0.0151559 8 1 8 1
17132 16879 253 4 0.499854 0.467946 0.031908 9 0 9 0
17164 17009 155 3 0.499792 0.478839 0.0209524 8 1 8 1
17232 16910 322 8 0.499906 0.461123 0.0387831 8 1 7 0
19818 19757 61 1 0.499955 0.493254 0.00670111 3 6 3 6
20026 19908 118 2 0.499916 0.484518 0.0153976 6 3 5 3
20325 20138 187 0 0.499933 0.4765 0.0234331 4 5 3 5
20329 20134 195 6 0.499932 0.476125 0.0238062 5 4 5 3
23261 23098 163 5 0.499945 0.479507 0.0204387 7 2 6 2
23505 23343 162 9 0.499911 0.479474 0.0204363 8 1 7 1
23641 23483 158 4 0.499896 0.479914 0.0199822 8 1 8 1
23680 23441 239 3 0.499985 0.472456 0.0275285 8 1 8 1
23692 23341 351 7 0.499828 0.455617 0.0442109 8 1 7 0
23718 23663 55 8 0.499889 0.492708 0.00718129 5 4 4 4
26414 26070 344 1 0.499967 0.459808 0.0401592 4 5 4 4
26479 26244 235 2 0.499985 0.473124 0.0268609 7 2 7 2
26675 26620 55 0 0.499996 0.492393 0.00760306 5 4 5 4
26908 26699 209 6 0.499902 0.47542 0.0244823 9 0 8 0
29929 29525 404 5 0.499918 0.452019 0.0478993 6 3 6 3
29994 29719 275 9 0.499902 0.467275 0.0326269 9 0 8 0
