4020 3770 250 0 0.499993 0.470786 0.029207 9 0 9 0
4024 3969 55 2 0.49987 0.491617 0.00825389 9 0 9 0
4110 4039 71 7 0.499931 0.491689 0.00824123 8 1 8 1
4197 4092 105 1 0.499921 0.485577 0.0143443 8 0 8 0
4268 3938 330 9 0.499959 0.460539 0.0394202 8 0 8 0
4289 4000 289 6 0.499972 0.464223 0.0357491 8 0 8 0
6101 4077 2024 5 0.499935 0.292261 0.207675 7 1 7 1
6182 4035 2147 4 0.499866 0.277112 0.222753 7 2 7 2
6187 4024 2163 3 0.499969 0.276681 0.223288 9 0 9 0
6299 4102 2197 8 0.499941 0.273199 0.226742 8 1 8 1
10180 10098 82 2 0.499938 0.490092 0.00984538 9 0 7 0
10423 10226 197 0 0.499945 0.47605 0.0238956 8 1 8 1
10680 10570 110 9 0.499937 0.487846 0.0120911 6 3 6 3
10728 10335 393 7 0.499944 0.451312 0.048632 6 3 5 3
10758 10437 321 1 0.499924 0.46248 0.0374437 7 2 7 2
10952 10627 325 6 0.499971 0.461033 0.0389379 7 2 7 2
13410 13251 159 3 0.499943 0.480644 0.0192986 6 3 6 3
13427 13266 161 4 0.499895 0.481368 0.0185274 7 2 6 2
13496 13200 296 5 0.499942 0.464803 0.0351387 4 4 3 4
13578 13449 129 8 0.49994 0.483388 0.0165524 8 1 7 1
16640 16412 228 2 0.499977 0.474605 0.025372 7 2 7 2
16985 16794 191 0 0.499935 0.47705 0.0228849 6 3 5 3
17197 17134 63 1 0.499972 0.491581 0.00839153 8 1 8 1
17270 16902 368 9 0.499912 0.457997 0.041915 7 2 7 0
17396 17124 272 7 0.499966 0.468375 0.0315911 7 2 7 2
17728 17353 375 6 0.49989 0.451834 0.0480563 6 3 6 3
20010 19682 328 4 0.499905 0.462641 0.0372642 8 1 7 1
20106 19914 192 8 0.499944 0.476517 0.0234267 6 3 6 3
20225 19881 344 5 0.499922 0.456298 0.0436243 5 3 4 3
22926 22869 57 2 0.499902 0.493194 0.00670781 6 3 5 3
23388 23177 211 0 0.499923 0.475618 0.0243049 7 2 6 2
23466 23399 67 1 0.478089 0.469973 0.00811601 6 3 6 3
23791 23628 163 9 0.499908 0.481149 0.0187587 8 1 8 1
24014 23951 63 6 0.499952 0.49049 0.00946192 6 3 6 2
24111 23763 348 7 0.49998 0.449786 0.0501934 8 1 7 1
26449 26392 57 4 0.499945 0.49177 0.00817552 5 4 5 4
26592 26391 201 8 0.499939 0.473946 0.0259935 5 4 5 3
26735 26619 116 5 0.499981 0.485206 0.0147746 6 3 5 3
29280 29092 188 2 0.499916 0.475906 0.0240104 8 1 8 0
29766 29589 177 0 0.499957 0.478016 0.0219403 7 2 7 1
29867 29696 171 1 0.499928 0.480967 0.0189604 7 2 7 1
