4014 3950 64 0 0.499933 0.492361 0.00757215 9 0 9 0
4062 3982 80 1 0.499911 0.486737 0.013174 8 1 8 1
4084 4023 61 3 0.499947 0.491406 0.00854045 8 1 8 1
4102 3960 142 6 0.499944 0.481832 0.018112 9 0 9 0
4153 4064 89 5 0.4999 0.488706 0.0111943 9 0 9 0
4246 3975 271 4 0.499893 0.467102 0.0327912 8 1 8 1
6088 3944 2144 7 0.499968 0.278089 0.221879 9 0 9 0
6159 4067 2092 8 0.499969 0.285046 0.214923 9 0 9 0
6162 4035 2127 2 0.499994 0.280835 0.219159 9 0 9 0
6219 4090 2129 9 0.499909 0.28044 0.219469 6 3 6 3
10279 10137 142 0 0.499904 0.482753 0.0171507 6 3 6 3
10485 10348 137 6 0.499958 0.484518 0.0154402 8 1 8 1
10519 10312 207 3 0.499912 0.475711 0.0242005 9 0 8 0
10522 10402 120 5 0.499966 0.486246 0.0137198 5 4 4 4
10596 10308 288 1 0.499981 0.467218 0.0327628 9 0 9 0
10939 10623 316 4 0.499965 0.462429 0.037536 8 1 7 1
13360 13206 154 8 0.499947 0.479719 0.0202282 7 2 7 2
13493 13153 340 7 0.499999 0.462062 0.0379369 8 1 8 1
13505 13305 200 2 0.499914 0.476623 0.0232912 8 1 7 1
13593 13302 291 9 0.499943 0.465461 0.0344822 6 3 6 3
16750 16694 56 3 0.499979 0.493502 0.00647675 5 4 5 4
16851 16471 380 0 0.499982 0.453265 0.046717 9 0 8 0
16904 16619 285 6 0.499907 0.465039 0.0348678 7 2 7 2
17012 16900 112 1 0.499989 0.487418 0.0125718 3 6 3 6
17047 16672 375 5 0.499888 0.450678 0.0492103 8 1 8 1
17704 17353 351 4 0.499926 0.457017 0.0429094 7 2 6 2
19915 19610 305 8 0.499931 0.464084 0.0358473 3 6 3 6
20026 19818 208 7 0.499924 0.473665 0.0262597 5 4 4 4
20085 19936 149 2 0.499802 0.480758 0.0190438 7 2 7 2
20159 19962 197 9 0.49999 0.474702 0.0252888 6 3 5 2
23249 22984 265 3 0.499938 0.466939 0.0329981 9 0 9 0
23271 23194 77 0 0.499889 0.489643 0.0102457 6 3 5 3
23450 23261 189 1 0.499965 0.474166 0.0257989 8 1 7 0
23591 23246 345 6 0.499892 0.457208 0.0426846 7 2 6 2
23606 23464 142 5 0.499907 0.480944 0.0189633 5 4 5 4
24101 24044 57 4 0.499956 0.491791 0.00816435 7 2 6 2
26513 26460 53 9 0.499762 0.491116 0.00864639 6 3 5 3
26514 26280 234 7 0.49991 0.471075 0.0288349 7 2 7 2
26617 26273 344 8 0.499977 0.460507 0.0394705 7 2 7 1
26705 26339 366 2 0.499921 0.456402 0.0435189 6 3 6 3
29542 29465 77 0 0.499825 0.490703 0.00912133 7 2 7 2
29868 29628 240 3 0.499992 0.471257 0.0287351 8 1 8 1
29929 29867 62 5 0.49997 0.491808 0.00816155 8 1 8 1
29941 29750 191 1 0.499905 0.477822 0.022083 6 3 6 3
