3986 3933 53 2 0.499988 0.492443 0.0075442 8 0 8 0
4069 3993 76 6 0.499941 0.489555 0.0103864 9 0 9 0
4081 4000 81 1 0.499939 0.488464 0.0114749 8 1 8 1
4083 3976 107 4 0.499935 0.485612 0.0143226 9 0 9 0
4110 4031 79 0 0.499991 0.488001 0.0119892 6 3 6 3
4119 3981 138 9 0.499857 0.482847 0.01701 8 1 8 1
6060 3938 2122 8 0.499942 0.281484 0.218458 8 0 8 0
6155 4014 2141 7 0.499965 0.280686 0.219278 8 1 8 1
6171 4036 2135 3 0.4999 0.281384 0.218516 6 3 6 3
6185 3998 2187 5 0.499993 0.276661 0.223332 9 0 9 0
10386 10260 126 6 0.499996 0.482619 0.0173767 9 0 9 0
10395 10278 117 0 0.499943 0.485379 0.0145643 7 2 6 2
10487 10394 93 9 0.499999 0.489778 0.0102211 7 2 7 2
10513 10216 297 1 0.499976 0.464675 0.0353008 8 1 8 1
10519 10186 333 2 0.499768 0.45668 0.0430883 6 3 6 3
10535 10329 206 4 0.499922 0.473136 0.0267863 8 1 6 1
13383 13283 100 7 0.499985 0.488127 0.011858 5 4 4 4
13452 13307 145 3 0.499911 0.483744 0.0161671 7 2 6 1
13500 13157 343 8 0.499971 0.457933 0.0420379 7 2 7 2
13504 13313 191 5 0.499948 0.476542 0.0234058 7 2 6 2
16815 16644 171 0 0.49997 0.478442 0.0215274 7 2 7 2
16821 16724 97 9 0.499913 0.487671 0.0122418 8 1 8 1
16873 16820 53 4 0.499971 0.492705 0.00726599 8 1 7 1
16984 16705 279 6 0.499918 0.466534 0.0333838 8 1 7 1
17162 16896 266 1 0.499985 0.468027 0.031958 8 1 8 1
17192 16984 208 2 0.499829 0.473041 0.0267881 8 1 8 1
19909 19634 275 7 0.49996 0.469149 0.0308105 5 4 5 4
19963 19797 166 5 0.499894 0.480504 0.0193897 5 4 5 4
20042 19682 360 3 0.49989 0.453848 0.046042 8 1 8 1
20199 19926 273 8 0.499959 0.467953 0.0320063 4 5 4 5
23164 23111 53 4 0.499836 0.492701 0.00713562 8 1 8 1
23338 23065 273 9 0.499971 0.466188 0.0337824 7 2 7 2
23373 23281 92 6 0.499986 0.489875 0.0101111 7 2 6 2
23427 23157 270 0 0.499944 0.468355 0.0315887 8 1 7 0
23533 23384 149 2 0.499948 0.482341 0.0176069 6 3 5 3
23643 23444 199 1 0.499948 0.477061 0.0228873 8 1 8 1
26512 26303 209 5 0.499892 0.475145 0.0247471 6 3 6 2
26551 26276 275 7 0.49997 0.468546 0.0314238 9 0 9 0
26751 26482 269 8 0.499955 0.468473 0.0314818 7 2 7 2
26773 26438 335 3 0.499949 0.458973 0.0409755 8 1 8 1
29519 29331 188 4 0.499898 0.479046 0.0208517 7 2 7 2
29739 29574 165 6 0.499913 0.480112 0.0198003 6 3 6 3
29802 29643 159 9 0.499895 0.479102 0.0207929 6 3 6 3
29930 29729 201 2 0.499864 0.475611 0.0242531 8 1 7 1
29961 29779 182 0 0.499935 0.478351 0.0215847 8 1 7 1
