3908 3846 62 1 0.499938 0.491378 0.00855979 9 0 9 0
4061 4008 53 7 0.499936 0.494051 0.00588466 9 0 9 0
4202 4098 104 8 0.499984 0.488553 0.0114311 9 0 9 0
4214 4020 194 9 0.499969 0.478637 0.0213313 8 1 8 1
4266 3932 334 3 0.499951 0.458807 0.0411442 9 0 9 0
4317 4060 257 2 0.499898 0.470917 0.0289816 8 1 8 1
5986 3996 1990 4 0.499892 0.295451 0.204441 9 0 9 0
6128 4079 2049 6 0.499906 0.290272 0.209634 9 0 9 0
6292 4139 2153 5 0.499809 0.276886 0.222924 8 1 8 1
6355 4160 2195 0 0.499894 0.273777 0.226117 6 3 6 3
10044 9991 53 7 0.499973 0.493154 0.00681828 9 0 9 0
10388 10131 257 1 0.499905 0.468355 0.0315505 7 2 5 2
10718 10493 225 8 0.499919 0.472684 0.0272348 8 1 8 1
10785 10630 155 2 0.499995 0.480508 0.0194877 6 3 6 3
10899 10533 366 9 0.499794 0.456251 0.0435426 8 1 8 1
10944 10753 191 3 0.4999 0.476134 0.0237656 7 2 7 2
13146 13003 143 4 0.499922 0.481118 0.0188042 9 0 8 0
13492 13176 316 6 0.499909 0.460112 0.0397969 7 2 5 2
13615 13379 236 5 0.499951 0.473697 0.0262538 7 2 5 2
13783 13415 368 0 0.499918 0.452624 0.0472935 5 4 4 4
16548 16264 284 7 0.499902 0.466594 0.0333089 8 1 8 1
17024 16721 303 1 0.49997 0.462016 0.037954 9 0 9 0
17077 17000 77 8 0.499947 0.488716 0.0112307 7 2 7 2
17410 17242 168 9 0.499922 0.479078 0.0208447 5 4 5 4
17426 17129 297 2 0.499984 0.464917 0.0350671 7 2 7 2
17606 17277 329 3 0.499836 0.462238 0.0375985 6 3 5 3
19560 19337 223 4 0.499927 0.47218 0.0277474 5 4 5 4
20093 19897 196 6 0.499974 0.47648 0.0234935 7 2 6 2
20142 19878 264 5 0.499768 0.465024 0.0347441 7 2 7 2
20268 20215 53 0 0.499848 0.493012 0.00683609 7 2 7 1
23244 22966 278 7 0.499931 0.466045 0.0338867 8 1 8 1
23435 23256 179 8 0.499959 0.479236 0.0207226 9 0 9 0
23537 23397 140 1 0.499954 0.481609 0.0183453 7 2 7 2
23821 23757 64 9 0.499869 0.489965 0.00990446 6 3 6 3
24064 23758 306 2 0.499994 0.463594 0.0363996 8 1 8 1
24105 24003 102 3 0.499982 0.487489 0.0124927 6 3 6 3
26150 25857 293 4 0.499884 0.464791 0.035093 4 5 4 5
26561 26483 78 0 0.499912 0.489795 0.0101165 5 4 5 4
26618 26510 108 5 0.499991 0.485653 0.0143373 7 2 7 2
26759 26485 274 6 0.499957 0.46666 0.0332973 6 3 5 2
29742 29642 100 7 0.499935 0.48658 0.0133548 7 2 6 2
29763 29702 61 8 0.499931 0.491322 0.00860887 9 0 8 0
