4082 4013 69 0 0.499924 0.491364 0.0085606 9 0 9 0
4124 4071 53 4 0.49993 0.493379 0.00655141 8 1 8 1
4171 4055 116 6 0.499922 0.484798 0.0151234 8 1 8 1
4186 4120 66 2 0.499931 0.490694 0.00923695 8 0 8 0
4187 4002 185 1 0.499929 0.477526 0.0224034 9 0 9 0
4304 4145 159 7 0.499917 0.480135 0.0197816 6 2 6 2
6160 4039 2121 5 0.499993 0.283574 0.216419 9 0 9 0
6194 3977 2217 8 0.499943 0.271072 0.228871 9 0 9 0
6267 4054 2213 3 0.49995 0.272641 0.227309 9 0 9 0
6276 4118 2158 9 0.499911 0.276126 0.223785 9 0 9 0
10406 10270 136 0 0.499998 0.484231 0.0157672 7 2 7 2
10481 10329 152 4 0.499898 0.481302 0.0185962 9 0 8 0
10726 10486 240 1 0.499823 0.469351 0.0304712 7 2 7 2
10736 10395 341 2 0.499898 0.459688 0.04021 9 0 9 0
10761 10461 300 6 0.499977 0.46205 0.0379271 8 1 7 1
10820 10565 255 7 0.499961 0.4702 0.0297614 6 3 6 3
13332 13279 53 8 0.499999 0.49329 0.00670831 7 2 7 2
13348 13289 59 5 0.499991 0.491249 0.00874252 5 4 4 4
13550 13341 209 3 0.499935 0.472247 0.0276881 7 2 7 2
13627 13367 260 9 0.499971 0.470319 0.0296524 6 3 6 3
16874 16675 199 0 0.499896 0.474349 0.0255471 8 1 8 1
17044 16757 287 4 0.499965 0.466387 0.0335787 9 0 9 0
17221 17018 203 2 0.499985 0.475132 0.0248532 7 2 7 2
17435 17104 331 6 0.499981 0.461381 0.0386001 8 1 8 1
17492 17129 363 1 0.499909 0.456195 0.0437137 7 2 7 2
17532 17144 388 7 0.499947 0.453536 0.0464116 7 2 7 2
19574 19513 61 5 0.499897 0.490862 0.00903556 7 2 7 2
19731 19543 188 8 0.499945 0.476551 0.023394 3 6 3 6
19961 19908 53 3 0.49998 0.493576 0.00640387 6 3 6 3
20079 19987 92 9 0.49991 0.489799 0.0101111 5 4 5 4
23067 22952 115 0 0.499985 0.485907 0.0140785 9 0 8 0
23512 23456 56 4 0.499929 0.491698 0.00823087 6 3 6 3
23694 23443 251 2 0.499939 0.47106 0.0288782 8 1 8 1
23899 23732 167 6 0.49992 0.481166 0.0187539 9 0 9 0
24039 23867 172 1 0.499935 0.47741 0.0225254 8 1 8 1
24241 23853 388 7 0.499933 0.451286 0.0486475 9 0 9 0
26029 25805 224 5 0.499913 0.470399 0.0295142 8 1 8 1
26190 26065 125 8 0.499897 0.483786 0.0161106 2 7 2 6
26532 26300 232 9 0.49994 0.471404 0.0285369 4 5 4 4
26560 26184 376 3 0.499894 0.452711 0.0471829 6 3 6 3
29497 29333 164 0 0.499906 0.478873 0.0210335 8 1 7 1
29797 29718 79 4 0.499991 0.488694 0.0112964 7 2 5 0
