782 672 110 8 0.899885 0.885372 0.0145132 12 0 12 0
1474 1420 54 28 0.799901 0.792399 0.00750161 15 2 14 1
1519 1393 126 1 0.799963 0.782138 0.0178251 14 0 14 0
1569 1463 106 21 0.799795 0.784458 0.0153361 19 1 19 1
1583 1434 149 10 0.799915 0.777945 0.0219708 20 1 20 1
1607 1403 204 11 0.799894 0.772142 0.0277514 15 0 15 0
1630 1426 204 0 0.799981 0.773863 0.0261178 20 0 20 0
1739 1523 216 5 0.799798 0.768532 0.0312661 22 2 21 1
2279 2224 55 14 0.699945 0.691308 0.00863689 20 5 19 4
2616 2309 307 25 0.699981 0.65634 0.0436404 26 1 26 1
3016 2953 63 13 0.599854 0.592716 0.00713725 16 3 16 3
3039 2973 66 3 0.591211 0.583964 0.00724677 19 3 19 3
3142 2889 253 17 0.599918 0.570153 0.0297653 19 4 19 4
3180 2858 322 18 0.59983 0.561385 0.0384446 23 3 23 3
3227 2950 277 7 0.599985 0.560747 0.0392373 16 10 16 10
3261 2922 339 26 0.599983 0.554993 0.0449895 19 2 19 2
3798 3728 70 2 0.499968 0.491436 0.00853244 24 3 24 3
3909 3694 215 24 0.499944 0.469756 0.0301884 21 4 21 4
3943 3580 363 8 0.699937 0.652158 0.0477792 23 4 22 4
3949 3665 284 6 0.499978 0.460743 0.0392355 22 4 22 4
3994 3819 175 20 0.499923 0.472275 0.0276482 22 5 22 5
4004 3721 283 27 0.499833 0.46146 0.0383727 26 4 26 4
4015 3749 266 23 0.49989 0.465921 0.033969 19 7 19 7
4051 3707 344 16 0.499941 0.436253 0.0636873 20 5 20 5
4194 3906 288 1 0.799998 0.76295 0.037048 19 5 16 5
4710 4429 281 4 0.399963 0.361214 0.0387492 19 6 19 6
4712 4560 152 9 0.399995 0.380139 0.0198568 23 3 23 3
5324 5186 138 29 0.299958 0.276936 0.0230218 20 9 20 9
5415 5146 269 22 0.299926 0.262052 0.0378738 19 7 20 7
5424 5213 211 12 0.299997 0.273895 0.0261029 15 13 14 13
5466 5121 345 19 0.299902 0.253168 0.0467347 19 10 19 10
5487 5139 348 15 0.299897 0.252793 0.0471036 20 9 20 9
6562 6453 109 0 0.499972 0.485467 0.0145048 18 10 15 10
6646 6586 60 5 0.499953 0.491166 0.00878673 20 9 16 9
6706 6516 190 10 0.499955 0.475753 0.0242028 25 3 22 3
6820 6454 366 11 0.499909 0.452576 0.0473321 25 1 22 1
7344 5493 1851 3 0.899914 0.624986 0.274928 23 1 11 0
7846 7477 369 14 0.49992 0.450973 0.0489472 16 11 15 11
7851 7139 712 25 0.599952 0.503305 0.0966472 23 6 11 6
7864 7786 78 21 0.299956 0.290026 0.00993018 23 6 21 6
8132 7763 369 6 0.799761 0.753285 0.0464763 19 8 13 6
8423 7694 729 24 0.799965 0.706337 0.0936282 22 4 15 3
8646 8188 458 7 0.599968 0.543739 0.0562286 19 10 14 8
9283 8970 313 26 0.499951 0.464007 0.0359437 18 9 12 8
9359 8768 591 17 0.499803 0.407898 0.0919049 15 13 11 12
9370 7662 1708 28 0.299879 0 0.299879 21 7 20 7
9454 9066 388 2 0.599912 0.551002 0.0489094 25 3 14 3
9512 9321 191 23 0.59995 0.578362 0.0215883 16 13 11 11
9681 9346 335 20 0.599993 0.557565 0.0424278 19 10 16 10
10076 9842 234 1 0.399937 0.369481 0.0304556 22 7 20 6
10231 10017 214 13 0.299943 0.272732 0.0272112 19 10 18 10
10606 10139 467 5 0.799818 0.739671 0.0601463 23 6 12 2
10636 10583 53 29 0.699954 0.691312 0.00864221 20 9 12 3
10779 10320 459 18 0.29996 0.241169 0.058791 20 9 19 9
11266 11011 255 16 0.399978 0.36671 0.0332677 23 5 23 5
11376 10983 393 8 0.299938 0.24576 0.0541783 24 5 24 5
11515 11460 55 15 0.599814 0.591628 0.00818636 16 13 12 12
11657 11540 117 22 0.599945 0.57961 0.0203345 20 8 19 7
11849 11525 324 27 0.299965 0.252669 0.047296 22 7 18 7
12497 11678 819 19 0.59987 0.478123 0.121747 22 7 20 6
12737 11767 970 9 0.399992 0.273761 0.126231 20 9 17 7
12739 12326 413 6 0.599956 0.547204 0.0527518 23 5 19 5
12820 12616 204 3 0.499923 0.47403 0.0258937 21 8 19 8
13029 12758 271 4 0.299943 0.260981 0.0389617 24 5 23 5
13075 12463 612 0 0.499895 0.415667 0.084228 20 9 19 7
13092 12900 192 11 0.499996 0.47033 0.029666 23 6 17 5
14096 13782 314 12 0.29992 0.253766 0.0461532 22 6 20 5
14360 14245 115 10 0.299798 0.285409 0.0143883 22 6 21 6
14400 14085 315 14 0.499926 0.45944 0.0404863 20 9 15 7
14699 14342 357 24 0.399904 0.340677 0.0592262 23 6 22 5
14906 14557 349 25 0.399933 0.354208 0.0457243 18 11 16 11
15449 15140 309 23 0.499958 0.459128 0.0408308 19 10 17 7
16119 16007 112 7 0.299898 0.285472 0.0144261 23 6 22 6
16293 16143 150 19 0.799971 0.778443 0.0215277 22 7 10 5
16349 15862 487 20 0.399911 0.337114 0.0627972 21 8 18 7
16351 16238 113 5 0.39992 0.382197 0.0177231 21 8 21 7
16405 16345 60 13 0.5999 0.592013 0.00788761 18 11 17 9
16427 16314 113 22 0.599932 0.582654 0.0172779 22 6 19 6
16448 16173 275 21 0.299998 0.2626 0.0373981 22 7 22 7
16470 16149 321 26 0.399919 0.357176 0.0427433 24 5 19 4
16673 16620 53 2 0.299915 0.291895 0.00802011 20 9 19 9
17146 16838 308 17 0.299931 0.263903 0.0360282 22 7 21 6
17588 17535 53 15 0.399907 0.392087 0.00782014 21 8 18 3
17642 17129 513 29 0.299891 0.220873 0.0790177 21 8 20 8
17707 17402 305 8 0.599972 0.557703 0.0422686 23 6 19 4
18102 17780 322 6 0.599859 0.561153 0.0387057 24 4 20 4
18130 17923 207 16 0.499996 0.472328 0.027668 22 7 13 5
18280 18126 154 3 0.599907 0.581041 0.0188664 23 6 18 4
18507 18119 388 9 0.699936 0.647079 0.0528566 20 9 14 8
18799 18593 206 18 0.399966 0.371549 0.0284167 23 6 21 5
20067 20008 59 11 0.399943 0.391485 0.00845778 19 10 18 9
20092 18193 1899 1 0.299783 0.00971729 0.290065 21 8 20 7
20096 19924 172 4 0.49996 0.478478 0.0214824 16 13 13 13
20145 18939 1206 28 0.299986 0.102752 0.197233 20 9 18 9
20512 20453 59 12 0.59994 0.592224 0.00771634 20 9 12 7
20608 20349 259 27 0.299891 0.268543 0.0313476 20 9 20 8
20799 20454 345 24 0.599933 0.552557 0.0473761 21 8 17 5
20843 20473 370 10 0.599902 0.550319 0.0495823 23 6 18 5
20852 20589 263 14 0.499927 0.463658 0.0362687 21 8 19 5
20993 20938 55 0 0.299958 0.292037 0.00792063 16 13 16 12
21371 21112 259 19 0.499983 0.466824 0.0331592 21 8 20 8
21452 21398 54 6 0.799934 0.791505 0.00842867 21 8 11 7
21454 21099 355 2 0.799878 0.75565 0.0442278 22 7 12 1
21657 21301 356 22 0.599769 0.553785 0.045984 20 9 19 8
21752 21474 278 26 0.699933 0.662657 0.0372755 21 8 17 6
21815 21590 225 15 0.799915 0.772331 0.0275845 20 9 10 5
22236 21680 556 23 0.499998 0.395263 0.104735 19 10 18 9
22310 22244 66 25 0.399887 0.388501 0.0113862 19 10 18 9
22322 21997 325 5 0.599945 0.560111 0.0398334 22 7 19 7
22323 22165 158 7 0.59994 0.575251 0.0246886 20 9 16 8
23464 23376 88 17 0.599864 0.585966 0.0138978 20 9 13 6
23637 23378 259 21 0.499931 0.465325 0.0346062 18 11 16 10
23864 23690 174 13 0.299958 0.274975 0.024983 19 10 18 8
24205 23801 404 20 0.399926 0.343444 0.0564819 24 5 23 5
24309 23948 361 3 0.499915 0.452363 0.0475521 22 7 18 7
24312 23941 371 9 0.499975 0.446708 0.0532678 15 14 13 13
24749 24350 399 8 0.399995 0.341833 0.0581619 21 8 18 8
25084 24920 164 16 0.399985 0.376726 0.0232594 20 9 18 9
25171 24732 439 29 0.499992 0.443517 0.0564752 19 10 16 9
25396 24954 442 24 0.699902 0.635303 0.0645981 19 10 17 8
25603 25392 211 6 0.599917 0.571324 0.028593 23 6 22 6
25698 25325 373 12 0.599985 0.551204 0.0487807 19 10 17 7
26127 25843 284 19 0.699964 0.663366 0.0365975 22 7 14 4
26188 25293 895 4 0.599904 0.435732 0.164172 19 10 15 8
26292 26027 265 18 0.399916 0.366572 0.0333436 22 7 19 7
26492 25809 683 15 0.599954 0.509519 0.0904353 24 5 19 3
26813 26591 222 22 0.599912 0.565575 0.0343364 19 10 18 8
26858 25945 913 10 0.599892 0.443309 0.156583 19 10 16 7
26920 26839 81 2 0.399904 0.386481 0.0134233 18 11 13 11
27465 27117 348 26 0.499951 0.458122 0.041829 19 10 15 10
27504 27158 346 5 0.599908 0.556423 0.043485 21 8 16 7
28061 27125 936 11 0.399861 0.294207 0.105654 20 9 19 9
28538 27719 819 28 0.499915 0.360218 0.139697 16 13 13 11
28605 27763 842 14 0.399996 0.259723 0.140273 23 6 20 5
28725 28522 203 0 0.399781 0.372859 0.0269219 22 7 16 4
28865 28693 172 25 0.499991 0.479786 0.0202046 18 11 18 9
29139 28817 322 1 0.399995 0.360751 0.039244 24 5 21 3
29644 29407 237 27 0.299908 0.265671 0.0342369 18 11 17 11
29664 29123 541 17 0.49993 0.419185 0.0807456 22 7 19 6
