738 685 53 10 0.899885 0.893345 0.00653997 11 0 11 0
758 702 56 15 0.899814 0.893019 0.00679495 11 2 11 1
805 750 55 6 0.899926 0.892575 0.00735009 8 0 8 0
817 694 123 21 0.899933 0.882404 0.0175292 11 1 11 1
1530 1456 74 27 0.799807 0.789683 0.010124 20 0 20 0
1587 1399 188 4 0.799906 0.77856 0.0213458 19 0 19 0
1596 1444 152 12 0.799899 0.779102 0.0207978 15 2 15 2
1674 1398 276 9 0.799998 0.765329 0.0346686 11 0 11 0
1681 1494 187 0 0.799931 0.775571 0.0243595 18 1 18 1
2262 2178 84 1 0.699995 0.68817 0.0118246 17 1 17 1
2526 2298 228 17 0.699983 0.669574 0.0304094 24 1 24 1
2821 2735 86 10 0.799864 0.787989 0.0118745 21 1 16 1
2905 2852 53 20 0.599906 0.593054 0.00685199 19 5 19 5
2944 2886 58 19 0.59993 0.59162 0.00830987 24 2 24 2
2952 2899 53 26 0.599913 0.592077 0.00783671 24 4 23 3
3066 2980 86 7 0.599899 0.588769 0.0111291 21 3 21 3
3160 2898 262 16 0.59996 0.563035 0.0369257 24 2 24 2
3180 2868 312 22 0.599903 0.558621 0.0412817 24 5 24 3
3189 2904 285 29 0.59982 0.558448 0.0413716 16 6 16 6
3225 3008 217 25 0.599979 0.571595 0.0283843 20 4 20 4
3371 3003 368 13 0.599875 0.551657 0.048218 19 1 19 1
3869 3734 135 3 0.499938 0.484011 0.0159269 23 2 23 2
3899 3751 148 28 0.499959 0.478663 0.0212966 20 5 20 5
3925 3605 320 23 0.499853 0.458247 0.0416059 22 2 22 2
3938 3642 296 11 0.49994 0.460795 0.0391457 23 3 23 3
3973 3818 155 24 0.499917 0.476561 0.0233556 24 1 24 1
4239 3821 418 5 0.499951 0.445772 0.0541791 23 4 23 4
4751 4458 293 18 0.39992 0.363146 0.0367742 22 6 22 6
4756 4494 262 14 0.399911 0.368927 0.0309833 25 1 25 1
5290 4703 587 4 0.699929 0.630078 0.0698516 20 7 15 7
5346 5263 83 8 0.299901 0.287818 0.0120829 18 8 18 8
5648 5364 284 2 0.299835 0.255543 0.0442919 17 10 17 10
5788 5454 334 27 0.599894 0.550513 0.0493815 21 7 19 7
5816 5519 297 12 0.599908 0.557667 0.0422409 20 6 17 6
6297 5698 599 21 0.399987 0.316745 0.0832416 15 13 15 13
6604 6468 136 0 0.499939 0.479305 0.0206341 19 8 14 7
6805 5765 1040 9 0.59998 0.424339 0.175641 20 8 18 8
6935 6571 364 6 0.299927 0.252659 0.0472678 23 4 23 4
6937 6591 346 15 0.299945 0.251005 0.0489405 21 8 20 8
7558 7271 287 16 0.699965 0.66511 0.034855 22 6 16 5
7668 7367 301 1 0.499932 0.460387 0.039545 17 9 16 9
7842 7780 62 26 0.599805 0.586812 0.0129931 20 9 15 9
7898 7515 383 3 0.799892 0.74596 0.053932 23 4 15 4
7914 7676 238 17 0.499908 0.461453 0.0384549 17 12 14 11
8679 8494 185 19 0.499941 0.474902 0.0250384 27 1 23 1
8878 8550 328 23 0.699897 0.660425 0.0394719 21 6 17 6
8934 8585 349 20 0.499978 0.451789 0.0481892 22 6 19 6
9166 8911 255 29 0.499975 0.465797 0.034178 23 5 21 2
9626 9352 274 10 0.299958 0.264035 0.0359236 20 8 17 8
9923 9614 309 5 0.599917 0.559267 0.0406495 21 8 18 8
9987 9791 196 24 0.499853 0.473945 0.0259083 22 7 20 7
10151 9876 275 13 0.399926 0.363098 0.0368284 22 6 19 6
10314 9838 476 4 0.599871 0.512117 0.0877543 22 7 20 6
10373 10088 285 11 0.499956 0.462231 0.0377244 26 3 23 2
10454 10017 437 27 0.699981 0.638695 0.0612861 19 9 15 8
10458 10405 53 14 0.599821 0.59211 0.00771089 21 7 17 7
10496 10357 139 22 0.299852 0.279272 0.0205801 19 11 17 10
10501 10299 202 7 0.299789 0.275522 0.0242663 13 15 12 15
10965 10632 333 25 0.299892 0.259758 0.0401343 19 9 18 9
11172 10978 194 0 0.699983 0.671963 0.0280197 17 12 13 8
11790 11478 312 28 0.299806 0.26173 0.0380759 23 6 22 5
12113 11806 307 2 0.599894 0.556946 0.0429485 25 4 21 4
12169 12115 54 3 0.599993 0.592836 0.00715737 27 2 22 2
12286 11998 288 18 0.399988 0.364337 0.0356517 23 6 22 6
12515 12293 222 12 0.39982 0.370202 0.0296177 22 7 20 7
12664 12572 92 26 0.599834 0.588974 0.0108598 21 8 16 7
13158 12829 329 8 0.399938 0.355296 0.0446418 20 8 18 5
13330 13080 250 6 0.599967 0.563963 0.0360042 21 7 16 4
13620 13525 95 21 0.399985 0.386754 0.013231 21 8 20 8
13698 13413 285 16 0.399959 0.363723 0.0362365 21 7 18 7
13832 13530 302 20 0.699931 0.660815 0.0391162 20 9 18 7
13895 13753 142 9 0.399893 0.381604 0.0182895 21 8 20 7
14144 14091 53 4 0.784606 0.776878 0.00772756 20 9 6 3
14327 14161 166 23 0.499877 0.478281 0.0215966 20 9 17 9
14426 14205 221 11 0.799943 0.771531 0.0284116 25 4 17 3
14586 14428 158 27 0.699978 0.677962 0.0220164 18 11 14 6
14625 14572 53 1 0.383942 0.37462 0.00932244 21 8 21 8
14935 14634 301 15 0.399921 0.364435 0.0354862 25 4 24 4
14997 14811 186 19 0.499931 0.476839 0.0230922 23 6 18 6
15396 14907 489 17 0.399976 0.327186 0.0727898 21 8 21 8
16305 16058 247 29 0.399918 0.366542 0.0333757 25 4 22 4
16327 16003 324 14 0.499793 0.45877 0.0410235 23 6 19 6
16492 16439 53 2 0.699995 0.690656 0.00933968 22 7 14 7
16591 16329 262 25 0.699932 0.661901 0.0380311 20 9 16 4
16666 16468 198 0 0.499899 0.472981 0.0269179 21 8 19 7
16896 16659 237 26 0.69997 0.667805 0.0321648 20 9 15 6
16976 16588 388 22 0.599944 0.549073 0.0508711 24 7 21 3
17005 16883 122 13 0.499951 0.482145 0.0178057 19 9 18 7
17476 17244 232 5 0.299939 0.268548 0.0313914 23 6 21 6
17585 17400 185 7 0.499927 0.474449 0.0254777 24 5 23 2
17784 17562 222 4 0.672514 0.638396 0.0341173 18 11 14 8
17887 17574 313 24 0.299947 0.262686 0.0372602 24 5 24 5
18157 17816 341 10 0.299951 0.25813 0.0418206 18 11 18 11
19021 18653 368 18 0.499928 0.451346 0.0485826 23 6 21 6
19055 18976 79 12 0.499956 0.485881 0.0140752 19 10 16 9
19180 18832 348 28 0.499769 0.453246 0.0465221 26 3 20 2
19228 17652 1576 20 0.699921 0.427841 0.27208 21 8 15 6
19546 19263 283 3 0.299976 0.25839 0.0415858 15 14 14 14
19608 19225 383 21 0.599906 0.549233 0.0506734 26 3 20 2
19774 19405 369 1 0.699928 0.652036 0.047892 21 8 13 6
19821 19726 95 27 0.499936 0.483787 0.0161491 18 11 16 10
20137 19956 181 6 0.399894 0.376008 0.0238852 23 6 19 4
20416 20074 342 11 0.399963 0.356601 0.0433611 24 5 21 5
20530 20020 510 2 0.699903 0.620042 0.0798612 23 6 16 5
20740 20438 302 8 0.399994 0.360796 0.0391976 21 8 20 7
21710 20302 1408 23 0.499941 0.239572 0.260368 23 6 17 6
22088 21976 112 9 0.299943 0.28679 0.0131533 15 14 14 13
22294 21774 520 16 0.299966 0.227497 0.0724691 20 9 20 9
22587 22529 58 19 0.299909 0.291255 0.0086544 21 8 20 7
22856 22775 81 17 0.399989 0.390852 0.00913694 21 8 20 8
22977 22794 183 10 0.799963 0.778428 0.0215355 20 9 12 3
23006 22843 163 18 0.799967 0.781779 0.0181881 22 7 13 4
23451 23072 379 15 0.299996 0.25281 0.0471866 21 8 19 8
23487 23347 140 22 0.399996 0.382219 0.0177771 23 8 15 7
23621 22867 754 7 0.599986 0.480986 0.118999 22 7 14 6
23748 23375 373 25 0.299886 0.24949 0.0503957 19 10 19 8
23786 23643 143 29 0.399895 0.381052 0.0188429 20 9 18 8
23854 23524 330 0 0.39988 0.356466 0.0434148 25 4 21 3
23867 23574 293 5 0.599958 0.562396 0.037562 20 9 11 8
23876 23506 370 2 0.799963 0.752109 0.0478537 22 7 14 7
23956 23903 53 24 0.599932 0.591102 0.0088305 20 9 16 9
24033 23699 334 26 0.299983 0.254328 0.0456551 26 3 23 3
24102 23939 163 20 0.699931 0.679367 0.0205644 24 5 16 5
24108 23921 187 14 0.299907 0.269137 0.0307695 25 4 23 4
24141 23870 271 4 0.399921 0.361488 0.038433 21 8 21 7
24606 24269 337 1 0.599985 0.556567 0.0434181 21 8 14 7
24619 24454 165 13 0.299901 0.279521 0.0203803 19 10 18 10
24828 24626 202 28 0.599942 0.572722 0.0272198 21 8 13 8
26726 26521 205 12 0.299992 0.269414 0.0305784 23 6 22 3
26904 26682 222 27 0.399908 0.368989 0.0309198 17 12 14 9
27121 26849 272 21 0.299925 0.262554 0.0373709 18 11 15 11
27244 27026 218 11 0.499994 0.470165 0.0298296 20 9 17 8
27551 27294 257 6 0.39997 0.365486 0.0344837 22 7 20 7
27969 27883 86 18 0.499896 0.488656 0.0112406 22 7 15 5
28002 27817 185 14 0.899944 0.875299 0.0246449 27 2 14 0
28062 27994 68 8 0.399999 0.390231 0.00976736 21 8 21 8
28092 27808 284 10 0.499984 0.461923 0.0380606 23 6 23 5
28125 28001 124 2 0.599909 0.580073 0.0198359 24 5 24 5
28198 28057 141 3 0.299896 0.280964 0.0189321 24 5 22 3
28564 28241 323 4 0.799791 0.755219 0.0445724 23 6 15 2
28625 28530 95 19 0.599933 0.588059 0.0118738 25 4 21 2
28651 28596 55 26 0.799947 0.791069 0.00887761 24 5 19 4
28697 28598 99 20 0.599993 0.588079 0.0119141 26 3 21 2
28819 28492 327 16 0.599892 0.557937 0.041955 18 11 16 10
29008 28788 220 5 0.599988 0.567048 0.0329396 21 8 17 7
29013 28640 373 29 0.699925 0.65224 0.0476844 22 7 16 4
29443 29103 340 17 0.499891 0.458759 0.0411323 26 3 22 1
29529 29476 53 1 0.599791 0.590483 0.00930842 19 10 14 9
29806 29749 57 7 0.481743 0.474056 0.00768741 21 8 16 7
