742 672 70 1 0.899958 0.890109 0.00984825 13 0 13 0
748 675 73 23 0.899912 0.88777 0.0121419 9 0 9 0
838 677 161 11 0.899972 0.877443 0.0225295 13 0 13 0
991 717 274 21 0.899837 0.862943 0.0368943 12 3 11 1
1595 1482 113 28 0.799938 0.784479 0.0154583 15 6 14 4
1650 1399 251 3 0.799967 0.764703 0.035264 15 1 15 1
1755 1545 210 4 0.79978 0.771758 0.0280222 22 0 22 0
1858 1459 399 10 0.799967 0.747861 0.0521069 18 1 18 1
2322 2258 64 18 0.699933 0.691093 0.00883979 16 3 16 3
2336 2274 62 9 0.699894 0.691177 0.00871644 22 1 22 1
2421 2254 167 6 0.69995 0.675746 0.0242042 21 2 21 2
2478 2129 349 24 0.699928 0.6556 0.0443282 15 2 15 2
2522 2235 287 16 0.699896 0.656975 0.0429206 20 2 20 2
2924 2841 83 11 0.799936 0.789357 0.0105785 20 0 15 0
2944 2668 276 1 0.79992 0.764769 0.0351514 19 1 15 1
3006 2952 54 7 0.599903 0.592139 0.00776438 21 3 21 3
3174 2825 349 25 0.599888 0.556303 0.043585 19 8 18 6
3248 2942 306 22 0.599968 0.562576 0.0373915 18 5 18 5
3291 2986 305 2 0.599935 0.560908 0.0390273 25 1 25 1
3374 3029 345 13 0.59986 0.558994 0.0408659 24 2 24 2
3711 3591 120 29 0.499973 0.484205 0.0157679 22 3 22 3
4009 3784 225 19 0.49997 0.472949 0.0270212 24 3 24 3
4131 3707 424 27 0.499944 0.442128 0.0578165 25 3 25 3
4210 3831 379 8 0.499938 0.449569 0.0503681 20 5 20 5
4836 4587 249 17 0.399813 0.368691 0.0311227 20 6 20 6
4862 4515 347 26 0.399856 0.354652 0.0452041 20 8 20 8
4921 4543 378 14 0.399963 0.350426 0.0495369 23 4 23 4
4995 4502 493 5 0.399931 0.334448 0.0654825 19 7 19 7
5212 4780 432 28 0.699906 0.638327 0.0615796 23 6 19 4
5578 5344 234 20 0.299921 0.268404 0.031517 22 6 22 6
5666 5321 345 12 0.299939 0.256196 0.043743 20 8 20 8
5697 5376 321 0 0.299934 0.259244 0.0406901 22 4 22 4
6090 5224 866 15 0.299963 0.128533 0.171431 24 4 24 4
6125 5972 153 6 0.699853 0.679706 0.0201474 23 6 16 6
6576 6312 264 21 0.399947 0.367169 0.0327788 19 10 18 10
6675 6495 180 23 0.299936 0.277136 0.0228 25 4 25 4
6959 6548 411 4 0.49995 0.448485 0.0514646 24 5 20 5
7235 7025 210 16 0.599912 0.572414 0.0274975 21 5 18 5
7768 7500 268 18 0.499835 0.463468 0.0363667 21 7 16 7
8171 7861 310 24 0.499966 0.461844 0.0381216 22 7 20 7
8268 8145 123 29 0.699835 0.683803 0.0160321 20 8 15 8
8411 8179 232 2 0.599955 0.571044 0.0289101 21 8 16 8
8453 8384 69 10 0.299898 0.291952 0.00794601 23 6 21 6
8594 8426 168 13 0.599976 0.575042 0.0249342 18 11 16 11
9173 8843 330 8 0.699944 0.654286 0.0456586 18 9 11 7
9296 9058 238 9 0.299905 0.258707 0.0411979 20 8 20 8
9362 9309 53 11 0.299882 0.291514 0.00836829 24 5 22 5
9465 8020 1445 3 0.299954 0.0531227 0.246831 20 9 19 9
9768 9524 244 27 0.599993 0.568926 0.0310671 18 11 15 10
10122 9928 194 14 0.699933 0.674747 0.0251868 18 11 12 10
10266 9391 875 1 0.299909 0.164981 0.134928 21 8 19 8
10541 10359 182 25 0.299932 0.276898 0.0230336 18 11 18 11
10601 10219 382 7 0.299976 0.250743 0.0492327 24 4 21 4
10656 10600 56 22 0.299961 0.292064 0.00789645 21 8 19 8
11019 10639 380 26 0.59984 0.547551 0.0522885 25 4 20 4
11548 11231 317 24 0.899904 0.855975 0.0439288 25 4 10 1
11677 11400 277 6 0.499924 0.467383 0.032541 29 0 21 0
11737 11463 274 16 0.699964 0.667568 0.0323951 23 6 16 4
11775 11598 177 19 0.299955 0.276843 0.0231125 24 5 23 5
11805 11607 198 18 0.799925 0.773867 0.0260577 22 6 13 1
12251 11857 394 0 0.599908 0.551524 0.0483842 20 8 18 8
12426 12289 137 28 0.299903 0.280206 0.0196961 18 11 17 11
12532 12369 163 4 0.599927 0.580655 0.0192717 24 5 18 4
12537 12078 459 23 0.699953 0.637622 0.0623306 23 6 15 4
12984 12681 303 12 0.499944 0.456957 0.0429876 21 7 16 6
13154 12728 426 15 0.599942 0.543881 0.0560604 17 12 13 12
13210 13126 84 5 0.299928 0.287451 0.0124773 19 10 17 9
13231 12819 412 17 0.29986 0.234872 0.0649877 10 19 9 19
13889 13456 433 29 0.499987 0.440382 0.0596054 16 13 14 13
14591 13987 604 20 0.299773 0.214936 0.0848363 22 7 19 7
14724 14599 125 14 0.599985 0.578441 0.0215439 19 10 17 8
14764 14621 143 10 0.599939 0.582278 0.0176616 20 9 16 8
14840 14457 383 8 0.499907 0.448063 0.0518436 17 12 15 12
14909 14540 369 21 0.299944 0.24511 0.0548342 16 13 14 12
15075 14799 276 2 0.399974 0.365872 0.0341025 25 4 20 4
15230 14273 957 13 0.499892 0.351545 0.148348 22 7 20 7
15462 15390 72 11 0.599895 0.590604 0.00929051 22 7 15 7
15835 15515 320 27 0.499994 0.460487 0.0395062 21 8 19 5
16899 16011 888 26 0.599926 0.443428 0.156498 24 5 21 5
16977 16699 278 25 0.599994 0.564798 0.0351958 18 11 16 9
17215 15607 1608 9 0.599898 0.330345 0.269553 20 9 16 5
17250 17011 239 16 0.499931 0.469288 0.0306437 19 10 19 9
17270 16896 374 7 0.599966 0.550039 0.0499264 26 2 18 2
17594 17001 593 24 0.399967 0.309063 0.0909039 21 8 17 8
18292 18118 174 18 0.299965 0.277615 0.0223497 22 7 21 6
18321 18157 164 22 0.39991 0.37811 0.0217997 22 7 19 5
18553 18447 106 1 0.4 0.388349 0.0116511 23 6 22 5
18590 18528 62 6 0.399931 0.391903 0.00802744 21 8 19 8
18811 18717 94 23 0.399856 0.385187 0.0146694 23 6 21 6
18940 18820 120 3 0.299982 0.283535 0.0164475 25 4 21 3
18976 18830 146 0 0.399845 0.379522 0.0203234 23 6 20 6
19306 18841 465 10 0.699864 0.640635 0.059229 25 4 17 3
19617 19284 333 20 0.799801 0.760349 0.0394514 23 6 19 3
19638 19442 196 19 0.399901 0.371779 0.0281218 23 6 21 6
19662 19602 60 14 0.599898 0.591544 0.00835327 21 8 17 8
19862 19577 285 4 0.299956 0.25994 0.0400161 25 4 25 4
19972 19759 213 12 0.399913 0.368488 0.0314255 22 7 21 7
20287 19910 377 5 0.499821 0.449028 0.0507926 22 7 20 5
20353 20149 204 11 0.599898 0.567967 0.0319308 24 5 18 4
20660 20454 206 15 0.299943 0.275375 0.024568 17 12 17 10
20696 20643 53 29 0.399869 0.390593 0.00927553 18 11 17 10
21141 21050 91 8 0.499985 0.487445 0.0125392 16 13 11 11
21339 20949 390 28 0.299981 0.247103 0.0528785 21 8 19 7
21727 21479 248 7 0.699931 0.667187 0.0327443 23 5 13 4
21789 21525 264 2 0.499914 0.458848 0.0410659 21 8 19 8
22068 21890 178 21 0.499915 0.47744 0.0224758 19 10 19 9
22235 21888 347 17 0.299992 0.254581 0.0454104 18 11 18 9
22493 22141 352 27 0.499921 0.441605 0.0583155 17 12 12 11
22870 22618 252 25 0.499938 0.469408 0.0305296 25 4 18 2
22918 22630 288 13 0.399981 0.364572 0.0354084 18 11 16 8
23193 23140 53 9 0.599844 0.591881 0.00796289 19 10 19 8
23438 23231 207 6 0.699814 0.66906 0.0307541 20 9 11 5
23491 23230 261 22 0.699773 0.664652 0.0351203 24 5 19 4
23519 23310 209 16 0.499966 0.473739 0.0262264 20 9 18 8
23571 23412 159 1 0.699858 0.678955 0.0209023 24 5 14 4
24274 23842 432 20 0.599827 0.546119 0.0537082 17 12 13 12
24668 24479 189 18 0.599914 0.57415 0.0257641 22 7 18 5
24869 23668 1201 14 0.699925 0.548922 0.151003 25 4 18 2
25275 24922 353 26 0.299924 0.252795 0.0471291 24 5 24 4
25361 25156 205 24 0.399917 0.372788 0.0271294 22 7 20 6
25404 25120 284 3 0.599824 0.558656 0.0411679 24 5 18 4
25695 25558 137 10 0.39999 0.383562 0.0164281 21 8 20 8
25790 25468 322 0 0.499942 0.460719 0.0392225 22 7 18 6
26458 26100 358 8 0.599974 0.55341 0.046564 21 8 17 4
26512 26268 244 23 0.299921 0.26516 0.0347614 20 9 13 7
26717 26414 303 5 0.499924 0.456413 0.0435111 22 7 19 5
26853 26449 404 12 0.499912 0.446898 0.0530142 22 7 21 6
26983 26810 173 11 0.399925 0.376646 0.0232792 20 9 18 8
27532 27144 388 29 0.499879 0.451801 0.0480789 27 2 22 2
27835 27734 101 19 0.299955 0.286798 0.0131579 22 7 22 6
27856 27604 252 15 0.499906 0.469161 0.0307448 16 13 13 11
27870 27614 256 7 0.39985 0.367676 0.0321741 24 5 23 5
28267 27879 388 1 0.599969 0.551517 0.0484514 19 10 16 7
28295 28011 284 16 0.699973 0.665043 0.0349302 20 9 16 3
28306 28082 224 4 0.299965 0.271667 0.0282977 24 5 21 5
28440 28305 135 25 0.599907 0.581453 0.0184542 19 10 15 9
28923 28598 325 21 0.399906 0.362359 0.037547 23 6 19 4
29161 29106 55 20 0.599926 0.591868 0.00805879 19 10 15 7
29474 29291 183 9 0.399952 0.37483 0.0251219 20 9 19 7
29482 29429 53 22 0.399969 0.392587 0.00738206 20 9 16 9
29589 29463 126 6 0.39991 0.383466 0.0164443 18 11 17 9
29611 29022 589 28 0.399914 0.309357 0.0905575 22 7 20 7
29701 29534 167 18 0.599931 0.574625 0.0253059 19 10 17 9
29723 29388 335 2 0.299899 0.254639 0.0452608 14 15 14 15
29755 29619 136 3 0.699971 0.680975 0.0189962 20 9 12 9
