862 686 176 10 0.899983 0.869688 0.0302944 10 0 10 0
1466 1413 53 18 0.799981 0.792568 0.00741381 18 3 18 2
1523 1470 53 16 0.799912 0.792754 0.00715815 17 0 17 0
1524 1447 77 21 0.799978 0.788956 0.0110221 22 1 22 1
1581 1455 126 22 0.799953 0.784988 0.0149653 17 2 17 2
1594 1408 186 2 0.799908 0.774893 0.0250146 19 0 19 0
1813 1439 374 14 0.799991 0.744665 0.055326 15 0 15 0
2269 2200 69 28 0.69998 0.692251 0.00772906 16 2 16 2
2385 2229 156 29 0.699955 0.681154 0.0188011 20 6 20 6
2480 2171 309 8 0.699935 0.663025 0.0369102 22 1 22 1
2517 2216 301 5 0.699926 0.661173 0.0387528 21 0 21 0
2584 2176 408 7 0.699929 0.643173 0.0567556 24 0 24 0
2969 2864 105 9 0.599905 0.584445 0.0154605 23 3 23 3
2983 2806 177 17 0.59994 0.578379 0.0215612 22 4 22 4
3107 2960 147 19 0.5999 0.581554 0.0183463 21 4 21 4
3159 2801 358 25 0.599921 0.554521 0.0453999 24 4 24 4
3264 2924 340 0 0.599918 0.555152 0.0447664 22 3 22 3
3302 2917 385 23 0.599972 0.55057 0.0494015 20 3 20 3
4110 3823 287 24 0.499907 0.463937 0.0359705 21 6 21 6
4209 3843 366 27 0.499896 0.451567 0.0483297 23 3 23 3
4709 4507 202 4 0.399887 0.375805 0.0240825 22 7 22 7
4711 4470 241 1 0.39999 0.371419 0.0285715 24 4 24 4
4791 4478 313 13 0.399992 0.356503 0.0434886 22 4 22 4
4848 4488 360 3 0.39992 0.351947 0.0479736 22 3 22 3
4848 4608 240 16 0.69983 0.669385 0.0304452 19 5 17 5
4884 4562 322 10 0.599783 0.556989 0.0427945 20 6 18 6
5468 5258 210 12 0.299989 0.274831 0.0251581 26 5 26 5
5470 5141 329 20 0.299942 0.261145 0.0387963 23 4 23 4
5494 5277 217 26 0.299942 0.27101 0.0289316 20 6 21 6
5615 5250 365 11 0.299942 0.24645 0.0534921 19 8 19 8
5640 5330 310 15 0.299843 0.256491 0.0433515 24 4 24 4
5877 5277 600 6 0.299927 0.210363 0.0895644 25 3 25 3
6354 6194 160 18 0.499978 0.478404 0.0215742 21 5 20 5
6480 6222 258 5 0.699954 0.670182 0.0297729 20 8 10 8
6594 6222 372 2 0.499894 0.452433 0.0474614 21 8 18 8
7303 5476 1827 21 0.599997 0.268775 0.331221 24 4 22 4
7347 7294 53 22 0.39997 0.393157 0.00681297 14 13 13 13
7512 7087 425 7 0.599892 0.545825 0.0540665 21 7 15 7
8530 7934 596 19 0.599931 0.526246 0.0736849 21 7 15 6
8893 8388 505 14 0.299983 0.227633 0.0723497 16 13 16 13
9128 7578 1550 29 0.499958 0.277709 0.222249 19 8 13 7
9389 9105 284 28 0.29994 0.265329 0.0346109 18 10 15 10
9489 9341 148 16 0.599833 0.580708 0.019125 20 9 15 7
9519 9433 86 24 0.599905 0.588091 0.0118142 20 8 15 5
9521 9171 350 17 0.399893 0.356185 0.0437083 18 11 16 10
9564 9225 339 8 0.299979 0.258027 0.0419523 18 10 14 10
9818 9443 375 15 0.89996 0.845432 0.0545278 24 5 8 1
10227 10041 186 20 0.799997 0.776393 0.0236037 23 6 13 4
10276 9878 398 23 0.399982 0.354649 0.0453325 23 6 22 6
10433 10068 365 0 0.29995 0.246725 0.053225 23 6 18 6
10494 10106 388 5 0.69992 0.6437 0.0562196 22 7 17 6
10649 10561 88 10 0.499906 0.487624 0.0122815 18 11 15 10
10692 10475 217 9 0.299994 0.269324 0.0306697 22 7 21 7
10777 10454 323 25 0.299913 0.256673 0.0432401 23 6 21 6
10968 10793 175 12 0.699905 0.67751 0.0223949 24 7 16 4
11572 11348 224 27 0.399914 0.374866 0.0250476 20 6 17 5
11622 11246 376 2 0.699996 0.652895 0.0471009 24 5 18 2
12134 11956 178 1 0.399946 0.378057 0.0218893 24 5 22 5
12755 12409 346 18 0.499949 0.454963 0.0449863 21 7 19 6
13099 12804 295 4 0.299943 0.262665 0.0372788 20 9 19 9
13179 12909 270 13 0.299976 0.261563 0.038413 21 8 20 5
13350 12985 365 22 0.599942 0.552531 0.0474104 14 14 12 12
13394 12471 923 21 0.699993 0.56016 0.139833 21 8 13 8
13534 12931 603 3 0.299937 0.20779 0.0921475 20 9 18 8
13835 13639 196 14 0.799956 0.774226 0.0257303 22 7 14 4
14062 13728 334 6 0.399979 0.359045 0.0409336 17 12 15 12
14329 13869 460 26 0.299916 0.223241 0.0766756 21 7 19 7
14506 14373 133 19 0.499921 0.478774 0.0211471 23 6 19 6
14550 14373 177 15 0.499936 0.478816 0.0211199 20 9 18 9
14675 14223 452 11 0.299954 0.237344 0.0626095 20 9 20 9
14792 13986 806 7 0.399994 0.301928 0.0980662 17 12 13 12
15589 15018 571 28 0.699934 0.611843 0.0880906 17 12 12 10
16007 15824 183 16 0.399974 0.372854 0.0271204 19 10 19 10
16032 14671 1361 12 0.699976 0.444429 0.255547 22 9 15 5
16138 15906 232 5 0.499966 0.46903 0.0309365 19 10 15 9
16484 16218 266 25 0.699967 0.65532 0.0446467 20 9 15 7
16896 16671 225 24 0.29998 0.270035 0.0299452 20 8 17 7
16962 16789 173 29 0.399953 0.379869 0.0200845 22 8 18 5
17005 16642 363 20 0.299795 0.247627 0.0521679 22 7 19 7
17113 16915 198 17 0.399901 0.372817 0.0270837 19 10 16 9
17283 17195 88 18 0.699965 0.687305 0.0126595 17 11 10 5
17315 17253 62 2 0.477401 0.470124 0.00727686 19 10 17 10
17750 17496 254 0 0.49992 0.465747 0.0341737 21 8 18 6
17911 17849 62 1 0.599311 0.59063 0.00868132 19 10 15 9
18227 17956 271 8 0.299998 0.264015 0.0359833 17 12 17 9
18363 18197 166 10 0.299976 0.276335 0.0236412 23 6 23 6
18452 18273 179 15 0.799998 0.772994 0.0270039 22 7 12 2
18523 18273 250 19 0.799918 0.769495 0.0304226 28 1 17 1
18553 18493 60 4 0.699947 0.69186 0.00808702 25 4 18 2
18623 18321 302 9 0.399899 0.361733 0.0381652 23 6 20 5
18689 18392 297 23 0.29993 0.260634 0.0392959 24 5 23 5
18781 18647 134 27 0.399907 0.379739 0.0201678 19 9 11 5
18804 18494 310 14 0.499902 0.458135 0.041767 19 10 17 9
19130 18813 317 28 0.799984 0.760163 0.0398208 21 8 11 5
20152 19968 184 3 0.599917 0.573021 0.0268961 15 14 12 11
20209 19988 221 21 0.399992 0.368273 0.0317185 19 10 14 9
20257 20035 222 13 0.49992 0.469429 0.0304909 19 10 15 8
20683 20269 414 29 0.899863 0.842448 0.057415 23 7 10 1
20788 20628 160 5 0.699999 0.677391 0.0226075 19 10 12 7
21000 20687 313 22 0.299994 0.261523 0.0384713 22 7 22 4
21146 21020 126 19 0.7999 0.78194 0.0179593 25 4 11 3
21828 21547 281 6 0.399986 0.36114 0.0388462 21 8 20 6
21899 21680 219 18 0.599961 0.575345 0.0246165 18 11 14 10
22112 21839 273 25 0.499944 0.467658 0.0322855 20 9 15 5
22687 22347 340 7 0.399924 0.350692 0.0492316 18 11 16 9
22761 22424 337 16 0.499986 0.456849 0.043137 22 7 18 5
22973 22632 341 14 0.799913 0.759784 0.0401292 19 10 11 5
23245 22943 302 26 0.299938 0.262247 0.037691 23 6 22 6
23321 23202 119 20 0.599994 0.584229 0.0157648 21 8 18 7
23381 22984 397 24 0.599806 0.54493 0.0548762 23 6 18 5
23403 23012 391 12 0.399972 0.350072 0.0499003 22 9 21 7
23421 23366 55 2 0.499815 0.490617 0.00919863 23 6 22 6
23491 23110 381 0 0.599913 0.548527 0.0513861 26 3 24 2
23554 23239 315 11 0.299908 0.25744 0.042468 24 5 24 5
23668 23464 204 1 0.499944 0.470753 0.0291906 18 11 18 9
23698 23320 378 23 0.799976 0.749478 0.0504974 25 4 14 2
23706 23607 99 17 0.486963 0.47411 0.012853 20 9 18 8
24088 23693 395 4 0.499955 0.44745 0.0525051 24 5 23 5
24693 24397 296 10 0.599974 0.56234 0.0376337 20 9 14 6
25170 24867 303 15 0.299936 0.260038 0.039898 23 6 22 6
25615 25183 432 21 0.69992 0.634355 0.0655645 17 12 14 10
25703 25571 132 28 0.299894 0.282465 0.0174288 19 10 18 10
26235 26001 234 8 0.399971 0.368196 0.0317748 19 10 18 9
26297 25966 331 27 0.399963 0.355679 0.0442843 23 6 19 6
26491 26025 466 29 0.399954 0.337348 0.0626064 17 12 15 10
26678 24501 2177 5 0.699908 0.295258 0.40465 19 10 14 9
26755 26702 53 9 0.299892 0.291801 0.0080906 26 3 24 3
26770 26676 94 24 0.799914 0.784804 0.0151101 23 6 10 3
26780 26409 371 13 0.499924 0.453987 0.0459376 17 12 17 11
26927 26618 309 3 0.399953 0.360282 0.0396716 17 12 17 12
27511 27417 94 20 0.699941 0.685175 0.0147667 23 6 16 4
27901 27478 423 19 0.299842 0.242923 0.0569197 24 5 22 5
28168 27762 406 18 0.499762 0.445966 0.0537953 23 6 20 4
28350 27998 352 22 0.499893 0.453908 0.0459852 22 7 19 6
29063 28921 142 25 0.399995 0.381352 0.0186424 22 7 19 5
29130 28737 393 26 0.69997 0.644271 0.0556996 25 4 14 4
29283 28955 328 16 0.499933 0.457685 0.0422478 19 10 14 8
29288 29080 208 0 0.499986 0.469495 0.0304909 19 10 16 10
29346 29195 151 14 0.299992 0.279097 0.0208946 20 9 19 9
29712 28573 1139 6 0.499984 0.294546 0.205438 20 9 17 9
29841 29304 537 2 0.499932 0.430494 0.0694378 21 8 17 8
