827 724 103 9 0.899846 0.883129 0.0167163 12 0 12 0
855 769 86 14 0.89991 0.887585 0.012325 13 0 13 0
870 730 140 23 0.899965 0.880259 0.0197055 13 3 12 1
941 698 243 11 0.899949 0.86184 0.0381095 8 0 8 0
1444 1391 53 26 0.799908 0.791941 0.00796727 18 2 18 1
1611 1484 127 15 0.799882 0.781454 0.0184279 22 0 22 0
1652 1506 146 12 0.799926 0.781196 0.0187307 20 1 20 1
2229 2143 86 21 0.699852 0.686214 0.0136376 19 3 19 3
2301 2201 100 18 0.699911 0.685226 0.0146851 22 1 22 1
2315 2196 119 20 0.699886 0.682937 0.0169482 15 1 15 1
2432 2216 216 5 0.699913 0.670742 0.0291708 22 1 22 1
2452 2186 266 2 0.699872 0.661827 0.0380449 25 1 25 1
2539 2211 328 13 0.699908 0.656243 0.0436648 20 2 20 2
3300 2959 341 22 0.599997 0.558129 0.0418678 20 5 20 5
3359 3001 358 25 0.599983 0.551814 0.0481685 22 3 22 3
3397 2953 444 6 0.599961 0.542262 0.0576993 20 4 20 4
3442 3118 324 3 0.599938 0.560009 0.0399293 21 3 21 3
3710 3625 85 16 0.499996 0.484357 0.0156392 19 6 17 8
3858 3648 210 28 0.499958 0.472297 0.0276607 24 3 24 3
3938 3640 298 23 0.69998 0.656048 0.0439324 19 4 13 3
3961 3796 165 4 0.499837 0.476941 0.0228959 22 6 22 6
3970 3882 88 10 0.499952 0.488796 0.0111554 23 5 23 5
4043 3720 323 24 0.499913 0.459005 0.0409077 20 4 20 4
4726 4610 116 26 0.699987 0.683393 0.0165942 24 1 15 1
4794 4561 233 27 0.399966 0.368065 0.0319004 21 6 21 6
4976 4471 505 19 0.399955 0.329384 0.0705712 22 5 22 5
5357 5156 201 8 0.299798 0.275522 0.0242757 20 8 20 8
5366 5200 166 29 0.299802 0.279648 0.0201543 21 5 21 5
5480 4580 900 7 0.399936 0.242066 0.15787 24 5 24 4
5489 5184 305 0 0.299791 0.252679 0.0471126 22 6 22 6
5521 5351 170 11 0.499944 0.477212 0.0227322 18 9 18 9
5633 5356 277 1 0.299981 0.255772 0.0442096 18 11 18 11
5738 5134 604 17 0.299921 0.208935 0.0909856 22 6 22 6
6288 6028 260 9 0.399827 0.369223 0.0306037 18 9 16 9
6821 6388 433 12 0.499972 0.447003 0.0529688 18 9 18 9
6883 6574 309 15 0.499922 0.460776 0.0391454 22 5 17 5
6886 6669 217 14 0.299946 0.271215 0.028731 20 8 19 8
6933 6619 314 18 0.599994 0.561483 0.0385111 25 4 23 4
7013 6572 441 13 0.699915 0.638135 0.0617804 21 5 13 4
7168 6963 205 2 0.599937 0.575153 0.024784 24 5 18 5
8049 7422 627 20 0.499892 0.411077 0.0888144 16 10 15 10
8598 8544 54 23 0.599897 0.593026 0.0068716 22 6 17 6
8736 8343 393 6 0.599934 0.546365 0.0535692 19 8 15 7
9068 8155 913 21 0.399893 0.256325 0.143568 20 8 18 8
9217 8986 231 16 0.599978 0.569754 0.030224 22 7 18 7
9821 9538 283 5 0.29994 0.262793 0.0371469 17 11 16 11
10001 9946 55 10 0.499971 0.491771 0.00820021 23 6 17 5
10038 9828 210 29 0.799959 0.771609 0.0283508 19 8 12 7
10112 9688 424 3 0.399999 0.341328 0.0586706 19 8 11 7
10113 9921 192 26 0.499759 0.472079 0.0276793 23 6 23 6
10244 9829 415 22 0.399934 0.343082 0.056852 22 7 19 7
10271 10017 254 4 0.499912 0.464405 0.035507 22 7 22 5
10907 10587 320 28 0.399979 0.360866 0.0391134 19 10 19 10
10926 10568 358 25 0.2999 0.255832 0.0440676 26 3 24 3
11136 10801 335 11 0.599846 0.557201 0.0426445 19 10 19 8
11308 11135 173 18 0.699901 0.67763 0.0222707 21 8 15 6
11693 11541 152 15 0.699944 0.681001 0.0189432 21 8 16 7
11741 11653 88 19 0.499932 0.488429 0.0115031 22 7 17 6
11815 11495 320 24 0.299832 0.255941 0.0438909 19 10 18 9
12537 12095 442 17 0.599867 0.539937 0.05993 21 8 15 7
12540 12181 359 12 0.599991 0.551042 0.0489495 27 2 25 2
12552 12464 88 16 0.799842 0.784991 0.0148502 21 8 12 6
12654 12511 143 0 0.499894 0.479874 0.0200198 19 10 16 9
12873 12794 79 2 0.499832 0.48803 0.0118016 23 6 18 4
12971 12487 484 23 0.699993 0.633665 0.0663284 25 4 16 3
13051 12921 130 8 0.399979 0.380919 0.0190598 22 7 20 7
13200 12826 374 20 0.699972 0.650362 0.04961 22 6 16 4
13230 13114 116 7 0.399976 0.386245 0.0137302 16 14 14 13
13269 12917 352 27 0.29999 0.245959 0.0540303 22 7 19 5
13829 13241 588 1 0.399987 0.306109 0.0938781 13 16 13 16
14717 14502 215 21 0.699799 0.668809 0.0309902 20 9 17 8
14751 13151 1600 13 0.39991 0.100239 0.299672 19 10 17 10
14789 14424 365 9 0.299982 0.257132 0.0428499 21 8 20 8
15316 15263 53 6 0.399836 0.392887 0.00694898 22 7 19 7
15412 15166 246 10 0.599894 0.566664 0.0332296 20 9 15 8
15570 15438 132 26 0.59996 0.579931 0.0200282 22 7 14 6
15859 15427 432 14 0.29977 0.242417 0.0573522 18 11 17 10
16024 15785 239 16 0.69996 0.670197 0.0297635 22 7 18 7
16087 15985 102 5 0.599931 0.584315 0.0156156 18 11 11 6
16228 15793 435 18 0.599774 0.544048 0.0557257 22 7 19 7
16401 16047 354 22 0.599898 0.554582 0.0453161 22 7 20 6
16607 16417 190 29 0.299979 0.275772 0.0242072 20 9 20 9
16787 16531 256 28 0.599914 0.568048 0.031866 17 12 12 8
17243 17047 196 4 0.399959 0.373185 0.0267741 21 8 19 8
17258 16959 299 19 0.599967 0.563579 0.036388 20 9 16 8
17912 17692 220 11 0.39999 0.373272 0.0267184 25 4 24 3
18284 18157 127 3 0.29997 0.282816 0.0171535 19 10 17 9
18331 18226 105 12 0.499979 0.486288 0.0136911 22 7 19 7
18380 18064 316 2 0.599993 0.560744 0.039249 27 2 19 2
18630 18287 343 23 0.499882 0.456316 0.0435654 24 5 20 4
18790 18594 196 15 0.299771 0.274336 0.0254344 22 7 20 7
18977 18646 331 0 0.499988 0.457863 0.0421249 23 6 18 4
19098 18694 404 27 0.69979 0.643028 0.0567624 23 6 16 5
19112 18729 383 25 0.399973 0.351378 0.0485948 21 8 20 7
19193 19140 53 7 0.569732 0.5626 0.00713228 20 10 16 6
19255 18991 264 1 0.699974 0.66547 0.0345042 20 9 17 7
19309 19243 66 21 0.594446 0.583001 0.0114443 21 8 17 7
19421 19094 327 17 0.399993 0.359079 0.0409143 20 9 19 9
19555 19355 200 20 0.399926 0.375328 0.0245982 22 7 22 7
19830 19638 192 24 0.399904 0.375852 0.0240519 17 12 17 11
20782 20385 397 16 0.599892 0.548312 0.0515799 17 12 12 10
21278 21006 272 9 0.599911 0.564776 0.0351344 20 9 13 8
21414 21056 358 8 0.299798 0.252128 0.04767 20 9 18 9
21704 21335 369 14 0.699899 0.649955 0.049944 18 11 14 7
21918 21613 305 6 0.499999 0.457805 0.0421934 20 9 16 8
21949 21584 365 13 0.599954 0.556398 0.0435556 19 10 16 6
22331 22048 283 18 0.499929 0.461339 0.0385901 21 8 15 7
22338 21946 392 10 0.399918 0.349848 0.0500704 19 10 17 10
22360 21961 399 26 0.399953 0.347616 0.0523372 24 5 21 5
22737 21374 1363 22 0.599865 0.37023 0.229635 20 9 16 6
23054 22828 226 29 0.59996 0.570432 0.0295288 23 6 17 5
23193 22895 298 19 0.499856 0.454341 0.0455148 22 7 19 7
24215 23968 247 23 0.599906 0.5682 0.031706 17 12 14 10
24275 23990 285 28 0.29991 0.261223 0.0386874 18 11 16 10
24301 23979 322 21 0.599931 0.557167 0.042764 18 11 16 9
24376 24294 82 27 0.499993 0.486848 0.0131448 17 12 17 12
24427 24167 260 2 0.499977 0.463704 0.0362735 23 6 19 6
25211 24445 766 1 0.499987 0.392922 0.107065 19 10 19 9
25233 23153 2080 5 0.299906 0 0.299906 22 7 22 7
25460 25188 272 20 0.599842 0.562167 0.0376756 18 11 16 11
25599 25211 388 4 0.299915 0.247869 0.052046 23 6 23 5
25883 25646 237 25 0.499903 0.468771 0.0311319 22 7 21 7
26018 25920 98 11 0.299988 0.284627 0.0153609 21 8 18 7
26267 25891 376 12 0.299995 0.250482 0.0495133 23 6 21 6
26396 25669 727 7 0.399778 0.309826 0.0899527 25 5 24 4
26433 26237 196 24 0.499941 0.475889 0.0240517 25 4 21 3
26534 26409 125 3 0.299944 0.279487 0.0204571 24 5 24 4
26587 26403 184 15 0.399893 0.37317 0.0267229 21 8 19 8
26620 26466 154 14 0.599958 0.577678 0.0222794 20 9 15 8
26840 26581 259 16 0.49998 0.465615 0.0343646 19 10 16 7
26952 26145 807 9 0.599988 0.480284 0.119704 23 6 20 5
27006 26657 349 0 0.29997 0.256045 0.0439248 25 4 25 3
27668 27517 151 17 0.299925 0.282466 0.0174589 22 7 17 7
27951 27703 248 18 0.599981 0.567876 0.0321047 20 9 16 9
29128 28921 207 26 0.499965 0.471778 0.028187 20 9 18 9
29587 29400 187 29 0.399928 0.375297 0.0246303 18 11 17 11
29602 29320 282 13 0.299921 0.262573 0.0373484 20 9 19 9
29670 29526 144 6 0.299998 0.27941 0.0205882 22 7 22 6
29846 29587 259 27 0.599972 0.567937 0.0320348 21 8 14 3
29900 29806 94 2 0.599842 0.585733 0.0141085 20 9 16 8
