795 696 99 15 0.899929 0.887873 0.0120563 13 0 13 0
1559 1473 86 21 0.799875 0.789017 0.0108578 14 0 14 0
1610 1498 112 8 0.799933 0.784273 0.0156605 19 1 19 1
1614 1308 306 6 0.79997 0.759222 0.0407483 18 0 18 0
2294 2229 65 26 0.699901 0.691007 0.00889435 18 4 18 4
2301 2120 181 24 0.699931 0.675667 0.024264 23 0 23 0
2332 2126 206 9 0.699936 0.672021 0.0279152 21 3 21 3
2332 2189 143 22 0.699942 0.683374 0.0165678 23 1 23 0
2351 2243 108 11 0.699892 0.686123 0.0137697 24 3 24 3
2454 2091 363 14 0.699972 0.651984 0.0479877 23 0 23 0
2472 2196 276 29 0.69998 0.664008 0.035972 23 2 23 1
2991 2900 91 5 0.599991 0.586126 0.0138645 24 2 24 2
3062 2944 118 0 0.599895 0.584874 0.0150216 24 1 24 1
3070 2990 80 17 0.599979 0.589506 0.0104727 24 1 24 1
3180 2861 319 12 0.599977 0.560053 0.0399243 24 0 24 0
3296 2921 375 25 0.599941 0.553574 0.0463664 25 2 25 1
3769 3596 173 19 0.499939 0.477856 0.0220832 19 7 20 9
3979 3604 375 16 0.499838 0.446954 0.0528834 20 5 20 5
4025 3792 233 7 0.499966 0.467974 0.0319921 21 3 21 3
4030 3704 326 2 0.499896 0.458312 0.0415833 21 4 21 4
4055 3828 227 10 0.499935 0.471719 0.0282161 19 7 19 7
4070 3702 368 23 0.499927 0.450574 0.0493534 20 4 20 4
4228 3809 419 13 0.499984 0.446075 0.0539088 25 6 24 5
4338 3983 355 21 0.799836 0.735034 0.0648025 17 2 6 2
4668 4519 149 20 0.399803 0.377677 0.0221261 20 7 20 7
4720 4446 274 27 0.399898 0.366099 0.0337988 25 4 25 4
5246 5187 59 18 0.299893 0.291543 0.00835048 17 11 17 11
5277 3793 1484 4 0.499945 0.295022 0.204923 20 7 20 7
5370 5292 78 3 0.29997 0.289554 0.0104159 20 7 20 7
5383 5148 235 26 0.79991 0.766283 0.033627 24 2 15 1
5477 5255 222 28 0.29999 0.271183 0.0288077 16 13 16 13
5754 5344 410 1 0.299994 0.250035 0.0499594 24 4 24 4
6015 5668 347 8 0.599829 0.552341 0.0474872 22 7 14 7
6212 6003 209 9 0.699931 0.673484 0.0264475 15 11 9 10
6579 6274 305 29 0.699782 0.656515 0.0432666 23 6 12 5
7045 6703 342 15 0.299986 0.25676 0.0432269 25 4 25 4
7905 7544 361 25 0.699997 0.653586 0.0464112 24 5 17 5
8014 7853 161 16 0.79996 0.779647 0.0203135 23 5 18 5
8100 8047 53 12 0.599946 0.59279 0.00715609 20 8 17 8
8109 7744 365 14 0.499911 0.449677 0.0502346 22 7 18 7
8133 8006 127 6 0.29998 0.27864 0.0213398 16 12 15 12
8621 8527 94 26 0.699994 0.68848 0.0115135 21 7 16 5
8857 8578 279 2 0.699941 0.665212 0.0347291 23 4 15 4
8883 8746 137 20 0.799897 0.781779 0.0181178 22 6 15 3
8891 8598 293 0 0.499964 0.460313 0.0396514 23 5 19 5
9063 8520 543 5 0.499922 0.420349 0.0795733 21 8 17 8
9155 8920 235 22 0.299907 0.265058 0.0348497 22 7 20 7
9327 9074 253 19 0.59999 0.568553 0.0314376 22 7 19 7
9389 8996 393 24 0.29985 0.247914 0.0519359 19 10 17 10
9601 9170 431 21 0.499803 0.443606 0.0561974 20 9 18 9
9806 9565 241 13 0.599915 0.5683 0.0316149 21 10 18 8
10323 10253 70 23 0.499904 0.489812 0.0100924 20 8 16 5
10421 10358 63 17 0.299962 0.290649 0.00931301 20 9 19 8
10466 9070 1396 11 0.299971 0.130051 0.16992 24 5 22 5
11184 10823 361 10 0.399947 0.351708 0.0482389 24 4 21 3
11590 11290 300 27 0.499943 0.451962 0.0479809 27 2 21 2
11720 10825 895 7 0.39991 0.268956 0.130955 22 7 21 7
12033 11959 74 1 0.6 0.587782 0.0122177 19 10 17 10
12291 12169 122 9 0.39999 0.382037 0.017953 22 7 20 7
12397 12077 320 12 0.699916 0.660587 0.0393295 25 4 16 3
12863 11703 1160 25 0.699985 0.531812 0.168173 23 6 14 6
12934 12881 53 26 0.599806 0.593 0.00680606 20 8 17 7
12943 12765 178 4 0.399975 0.3724 0.0275747 22 7 20 7
13091 12419 672 28 0.499933 0.4113 0.0886335 21 8 19 7
13354 12944 410 3 0.399847 0.343735 0.0561117 23 6 19 6
13378 13312 66 8 0.29996 0.289859 0.0101015 18 11 16 11
13534 13460 74 15 0.599978 0.590614 0.00936319 24 5 17 3
13609 13548 61 29 0.299891 0.289302 0.0105882 19 10 18 10
13651 13425 226 19 0.699976 0.670674 0.0293024 22 7 17 6
13899 13649 250 18 0.299924 0.26672 0.0332048 18 11 18 11
13934 13599 335 16 0.39991 0.359559 0.0403504 21 8 21 8
14336 14195 141 2 0.499934 0.481254 0.0186807 19 10 17 9
14625 14325 300 14 0.499974 0.460358 0.0396154 19 10 16 9
14921 14545 376 20 0.399945 0.353151 0.0467931 21 8 19 7
15624 15295 329 13 0.499919 0.45751 0.042409 21 10 16 7
15926 15724 202 0 0.399902 0.366748 0.0331536 24 5 20 4
16121 15938 183 22 0.499908 0.474908 0.0249996 16 13 12 13
16294 16146 148 12 0.699954 0.683122 0.0168326 22 7 14 7
16911 16588 323 6 0.299972 0.259343 0.0406291 21 8 20 7
16996 16654 342 21 0.399902 0.352907 0.0469947 21 8 21 6
17091 16811 280 5 0.299977 0.264412 0.0355658 22 7 22 7
17100 16982 118 4 0.799896 0.78425 0.0156467 23 6 15 5
17206 17134 72 23 0.399939 0.389233 0.0107059 20 9 16 7
17235 17029 206 7 0.699899 0.67378 0.0261188 22 7 15 5
17390 17202 188 17 0.499818 0.472826 0.0269915 24 5 21 4
17479 17135 344 25 0.699999 0.653336 0.0466632 22 7 18 6
17899 17837 62 24 0.299936 0.29168 0.0082556 22 7 20 5
17949 17642 307 26 0.599899 0.562648 0.0372511 23 6 17 5
18201 17889 312 27 0.499761 0.464951 0.0348092 23 6 19 6
18309 17760 549 1 0.499963 0.403506 0.0964573 20 9 14 6
18696 18343 353 15 0.599956 0.555785 0.0441711 25 4 19 3
18785 18543 242 10 0.399957 0.368776 0.0311802 23 5 19 5
18955 18625 330 9 0.499903 0.458521 0.0413825 25 4 23 2
18994 18659 335 11 0.399795 0.360318 0.0394763 21 8 21 8
19534 19379 155 28 0.499978 0.478324 0.0216534 19 10 17 9
19789 19736 53 8 0.573415 0.564738 0.00867639 18 11 16 9
20666 20487 179 19 0.299893 0.272782 0.0271106 19 10 18 9
20822 20703 119 20 0.599997 0.584562 0.0154342 24 5 18 4
20876 20435 441 29 0.499902 0.439986 0.0599159 22 7 18 7
20923 20826 97 3 0.399924 0.387592 0.0123329 20 9 15 8
21145 20998 147 13 0.599894 0.577683 0.0222109 20 11 16 8
21958 21549 409 0 0.599983 0.539634 0.0603483 19 10 17 8
21975 21376 599 12 0.499971 0.428905 0.071066 21 8 19 8
22175 22078 97 16 0.29995 0.285779 0.0141705 21 8 20 6
22212 22159 53 26 0.699895 0.692574 0.00732166 23 6 14 3
22303 21870 433 2 0.299901 0.237558 0.0623438 21 8 19 8
22375 22166 209 14 0.299979 0.273047 0.0269322 23 6 23 5
22786 22396 390 18 0.299946 0.2446 0.0553466 24 5 22 3
22908 22607 301 4 0.399879 0.363554 0.0363246 20 9 19 9
22965 22754 211 22 0.399896 0.370243 0.0296524 22 7 20 3
22976 22723 253 27 0.699999 0.66832 0.0316791 23 6 15 5
23578 23525 53 17 0.499871 0.492465 0.00740646 22 7 20 5
24220 23894 326 11 0.699923 0.658935 0.0409876 25 4 18 3
24229 23811 418 8 0.699807 0.648334 0.0514725 23 6 17 4
24238 23921 317 5 0.499968 0.461121 0.0388474 21 8 20 8
24283 24081 202 7 0.299945 0.275671 0.0242736 26 3 25 3
24290 24237 53 21 0.399851 0.39223 0.00762078 22 7 21 5
24693 24295 398 25 0.299936 0.246801 0.0531349 19 10 19 10
24726 24436 290 23 0.399993 0.361784 0.0382092 19 10 18 8
24860 24730 130 10 0.6 0.581135 0.0188653 25 3 14 2
24864 24583 281 1 0.499985 0.461016 0.0389687 18 11 18 10
24982 24799 183 29 0.799983 0.77304 0.0269426 24 5 14 4
25639 25357 282 6 0.299989 0.263064 0.0369256 18 11 16 11
25777 25309 468 24 0.399953 0.33121 0.0687432 24 5 21 4
25801 24898 903 20 0.699917 0.605152 0.0947656 25 4 15 2
26051 25903 148 13 0.599858 0.577379 0.0224787 20 11 17 9
26483 26231 252 28 0.399943 0.369678 0.0302655 24 5 23 5
26541 26173 368 15 0.299995 0.248604 0.0513906 24 5 22 5
26761 26537 224 9 0.29994 0.269525 0.0304142 20 9 19 9
27301 27049 252 0 0.599901 0.569658 0.0302436 22 7 17 6
27512 27395 117 27 0.599975 0.581534 0.0184409 22 7 12 6
27668 27498 170 19 0.499867 0.475157 0.0247093 25 4 24 3
27796 27517 279 29 0.799781 0.762331 0.0374506 25 4 12 3
27859 27589 270 2 0.699993 0.660533 0.0394603 17 12 12 11
28354 28093 261 12 0.499929 0.468891 0.031038 18 11 16 11
28929 28757 172 22 0.599898 0.57467 0.0252281 23 6 18 4
29045 28786 259 3 0.299909 0.260426 0.0394833 20 9 19 9
29681 29565 116 5 0.599957 0.583242 0.0167152 24 5 22 5
29739 29556 183 7 0.699829 0.676005 0.0238241 21 8 15 8
29758 29501 257 17 0.499947 0.470343 0.0296038 25 4 21 4
29799 28717 1082 26 0.299991 0.144726 0.155266 20 9 19 9
