777 724 53 5 0.899902 0.892982 0.00692036 16 0 16 0
817 712 105 0 0.899929 0.88426 0.0156697 10 0 10 0
885 733 152 10 0.899935 0.879497 0.0204382 15 0 15 0
891 691 200 1 0.899988 0.870879 0.0291096 7 0 7 0
1494 1427 67 19 0.799958 0.790899 0.0090592 16 3 16 3
1538 1422 116 29 0.799891 0.782602 0.0172883 15 0 15 0
1569 1392 177 18 0.79999 0.779178 0.0208115 21 3 21 3
1578 1490 88 23 0.799961 0.785492 0.0144693 15 2 15 2
1774 1526 248 12 0.799993 0.769375 0.0306179 16 3 16 3
1814 1497 317 8 0.799795 0.757355 0.0424394 18 2 18 2
2143 2090 53 26 0.69999 0.69186 0.00812982 16 6 16 6
2451 2296 155 4 0.69998 0.679996 0.0199842 17 2 17 2
2540 2180 360 13 0.699928 0.651513 0.0484144 19 3 18 1
2588 2259 329 6 0.699904 0.659239 0.0406651 20 3 20 3
3057 2835 222 25 0.599933 0.567306 0.0326274 21 6 21 6
3069 2811 258 22 0.599906 0.568773 0.0311321 18 7 18 7
3096 2944 152 16 0.599937 0.579481 0.0204556 22 2 22 2
3163 3043 120 17 0.599926 0.584614 0.0153124 21 3 21 3
3254 3033 221 28 0.599946 0.569694 0.0302526 22 4 22 4
3728 3638 90 27 0.499918 0.487623 0.0122953 23 4 23 4
3813 3002 811 9 0.599898 0.50624 0.0936577 21 2 21 2
3924 3619 305 11 0.499928 0.464985 0.0349427 24 4 24 4
3948 3621 327 3 0.499966 0.46161 0.0383564 20 8 20 8
3978 3807 171 14 0.499998 0.478149 0.0218492 14 11 14 11
4604 4483 121 7 0.399946 0.383396 0.01655 24 5 24 5
4693 4607 86 2 0.399892 0.388619 0.0112736 19 7 19 7
4715 4620 95 24 0.399969 0.386962 0.0130068 24 5 24 5
4718 4597 121 15 0.399991 0.38413 0.0158618 21 7 20 6
5544 5325 219 21 0.299774 0.271722 0.0280519 16 12 16 12
5672 5275 397 0 0.499954 0.445565 0.0543887 24 1 22 1
5865 5506 359 19 0.599945 0.554894 0.0450509 17 8 15 8
5872 5582 290 29 0.599937 0.563165 0.0367725 17 8 14 8
5900 5529 371 23 0.599928 0.551567 0.0483609 23 5 19 5
5963 4521 1442 1 0.599919 0.403373 0.196547 24 4 22 4
6201 3768 2433 20 0.49989 0.0588808 0.441009 16 12 16 12
6448 6313 135 6 0.69996 0.683246 0.0167139 20 6 10 4
6923 6819 104 10 0.299901 0.285061 0.0148395 23 6 22 6
6968 6606 362 5 0.299943 0.254307 0.0456356 18 9 18 9
7256 7078 178 26 0.499923 0.47522 0.0247026 20 8 19 8
7542 7121 421 13 0.599953 0.546345 0.0536078 21 9 18 8
7999 7098 901 18 0.39998 0.218667 0.181313 19 10 17 10
8100 7963 137 22 0.599985 0.581435 0.0185498 21 6 13 4
8433 7500 933 12 0.399918 0.250002 0.149916 21 8 19 8
8682 8497 185 4 0.399899 0.376484 0.0234153 20 9 19 9
8788 8599 189 17 0.499997 0.473217 0.0267801 21 7 17 6
8789 8644 145 25 0.499977 0.483095 0.0168819 22 7 17 6
8796 8271 525 8 0.299832 0.235455 0.0643766 15 14 14 14
9611 9254 357 14 0.599941 0.553015 0.0469254 19 10 16 9
9615 9292 323 11 0.599908 0.560212 0.0396959 23 7 15 4
9662 9396 266 7 0.699881 0.665453 0.0344271 23 6 17 5
9808 9516 292 15 0.699945 0.661173 0.0387714 19 10 16 7
10160 9836 324 9 0.49998 0.454093 0.0458872 22 5 17 5
10474 10070 404 3 0.499955 0.446782 0.0531729 21 8 18 6
10549 10333 216 28 0.29991 0.269226 0.0306839 15 14 14 14
10563 10322 241 2 0.599989 0.569808 0.030181 20 9 14 8
10607 10363 244 24 0.599916 0.568001 0.0319153 21 8 18 7
10618 10231 387 16 0.299842 0.243475 0.0563665 20 9 17 9
11042 10397 645 0 0.699919 0.600287 0.0996324 20 8 12 7
11535 11482 53 1 0.599976 0.592461 0.00751524 17 12 16 10
11679 10793 886 29 0.599892 0.434911 0.164982 23 6 17 5
11680 11380 300 27 0.299952 0.26014 0.0398121 17 12 16 12
11894 11633 261 21 0.599858 0.563964 0.0358934 19 10 17 7
12359 12001 358 6 0.499921 0.452685 0.0472354 20 8 10 7
12543 12295 248 19 0.399868 0.368327 0.0315408 20 8 19 7
12706 12456 250 23 0.399941 0.366664 0.0332772 22 7 20 6
13396 13331 65 17 0.699931 0.69208 0.00785048 23 6 16 4
13488 13362 126 13 0.499998 0.482563 0.0174354 24 6 22 3
14172 13955 217 24 0.799929 0.770636 0.0292922 25 4 14 1
14338 14197 141 7 0.599992 0.580328 0.0196645 22 7 18 6
14351 14129 222 26 0.399937 0.375347 0.0245897 24 5 22 5
14420 14367 53 4 0.599857 0.592697 0.00716041 23 6 21 4
14580 13925 655 20 0.499914 0.421456 0.0784574 23 6 21 3
14805 14707 98 25 0.499932 0.483262 0.0166704 21 8 20 8
15303 15128 175 15 0.499847 0.476585 0.0232622 17 12 16 11
15506 15406 100 10 0.299944 0.286515 0.013429 22 7 21 7
15553 15392 161 22 0.299819 0.277843 0.0219753 21 8 20 8
15588 15271 317 21 0.799984 0.762352 0.0376323 22 7 16 4
15686 15415 271 1 0.699978 0.664945 0.0350338 23 6 18 5
15787 15518 269 5 0.299978 0.263307 0.0366703 26 3 26 3
15918 15451 467 14 0.499767 0.432747 0.0670206 19 10 17 10
16008 15817 191 0 0.599955 0.57533 0.0246245 22 7 21 7
16042 15707 335 9 0.599988 0.553156 0.0468314 24 4 14 1
16229 16064 165 11 0.399917 0.378439 0.0214779 22 9 21 7
16249 15885 364 8 0.499969 0.451005 0.0489636 20 9 18 6
16934 16649 285 2 0.499952 0.464172 0.0357795 19 10 13 7
17132 16624 508 18 0.299951 0.227661 0.0722902 21 8 21 8
17265 16999 266 12 0.299983 0.259805 0.0401779 22 7 21 6
17751 17418 333 3 0.399979 0.357349 0.0426303 18 11 17 11
17813 17664 149 16 0.499958 0.480005 0.0199524 19 10 19 9
18039 17692 347 17 0.599982 0.558295 0.0416878 24 5 19 5
18479 17084 1395 29 0.599954 0.378167 0.221787 24 5 18 3
18511 18274 237 19 0.599986 0.565355 0.0346312 17 11 15 9
18818 16633 2185 28 0.599814 0.212411 0.387403 19 10 16 8
19037 18772 265 13 0.599895 0.567535 0.0323603 17 14 15 13
19339 19286 53 25 0.699911 0.693141 0.00677045 19 10 13 8
19598 19311 287 26 0.69981 0.663061 0.0367483 22 7 12 6
20228 20045 183 6 0.299999 0.277087 0.0229116 24 5 22 5
20373 20257 116 27 0.299925 0.284469 0.0154553 21 8 21 8
20667 20513 154 4 0.399924 0.378743 0.0211809 20 9 12 6
20801 20523 278 24 0.299908 0.264296 0.0356124 23 6 21 5
20900 20549 351 7 0.399909 0.351849 0.0480599 19 10 16 9
20923 20840 83 23 0.299953 0.288283 0.01167 23 6 23 6
21260 20854 406 9 0.599932 0.544928 0.0550039 22 7 17 6
21771 21471 300 22 0.599957 0.562686 0.0372714 23 6 17 6
21829 21480 349 10 0.599775 0.557464 0.0423108 19 10 15 6
22245 22164 81 20 0.299864 0.285428 0.0144353 21 8 17 8
22349 22018 331 21 0.299909 0.25975 0.0401589 25 4 23 3
22554 22168 386 15 0.399978 0.34888 0.0510985 25 4 23 3
22656 22424 232 8 0.499983 0.472165 0.0278182 24 5 23 5
22876 22595 281 5 0.499993 0.465671 0.0343216 24 5 19 5
22920 22591 329 18 0.699999 0.650434 0.0495657 20 9 11 7
22965 22611 354 11 0.499986 0.457393 0.0425932 19 12 16 10
23301 22645 656 1 0.299943 0.221023 0.0789196 24 5 21 5
23379 23256 123 0 0.299916 0.281486 0.0184305 19 10 18 10
23661 23575 86 14 0.299909 0.286422 0.013487 22 7 21 6
23796 23718 78 25 0.599836 0.587738 0.0120981 17 12 12 11
24223 23855 368 2 0.399994 0.355036 0.0449582 15 14 13 14
24404 24106 298 19 0.499942 0.462685 0.0372572 18 11 16 11
24478 24344 134 28 0.699943 0.683552 0.0163909 19 10 15 7
24779 24577 202 17 0.39998 0.373166 0.0268137 23 6 21 6
25056 24708 348 16 0.399859 0.357613 0.0422463 20 9 17 8
25477 23581 1896 3 0.599976 0.346932 0.253044 15 14 14 13
25569 25415 154 9 0.699969 0.676718 0.0232503 20 9 12 6
25921 25738 183 12 0.299904 0.273087 0.0268168 19 10 19 10
26019 25748 271 26 0.399975 0.365661 0.0343137 21 8 17 8
26406 26347 59 13 0.29986 0.291977 0.00788329 23 8 21 7
26786 26472 314 29 0.299922 0.25852 0.0414015 24 5 22 5
27063 26655 408 7 0.599988 0.543926 0.0560612 18 11 16 11
27298 27115 183 6 0.499906 0.472289 0.0276171 22 7 19 6
27436 27155 281 27 0.499934 0.46585 0.0340841 25 4 21 4
27646 27476 170 10 0.499961 0.478124 0.0218375 25 4 21 3
27699 27442 257 20 0.699996 0.667351 0.0326453 23 6 14 4
27868 27779 89 4 0.399988 0.388715 0.0112726 17 12 16 11
27893 27614 279 15 0.699983 0.665988 0.0339958 25 4 16 2
28313 27967 346 28 0.699782 0.654188 0.0455946 28 1 17 1
28722 28604 118 23 0.399933 0.384756 0.0151769 23 6 21 6
29019 28812 207 8 0.499995 0.469946 0.030049 23 6 20 6
29214 28905 309 22 0.299974 0.262508 0.0374663 19 10 16 10
29249 29109 140 11 0.499832 0.477926 0.0219061 24 7 20 6
29621 29554 67 1 0.599955 0.590427 0.00952768 17 12 13 11
29658 29283 375 24 0.299964 0.247145 0.052819 21 8 21 8
29852 29717 135 17 0.699906 0.682684 0.017222 21 8 15 6
