788 712 76 15 0.899942 0.887504 0.0124374 12 0 12 0
865 723 142 0 0.899984 0.879571 0.0204123 9 0 9 0
959 688 271 14 0.899982 0.865396 0.0345865 8 0 8 0
1541 1357 184 6 0.799898 0.777178 0.0227203 18 1 18 1
1562 1459 103 11 0.799854 0.788002 0.0118517 11 2 11 2
1566 1374 192 1 0.799935 0.776213 0.0237225 19 2 19 2
1684 1390 294 24 0.799984 0.759836 0.040148 15 2 15 2
1708 1431 277 13 0.799813 0.763054 0.0367591 20 3 20 3
2302 2242 60 12 0.699967 0.693359 0.00660846 20 2 20 2
2302 2249 53 28 0.699928 0.692241 0.00768669 21 4 21 3
2319 2182 137 23 0.699994 0.681667 0.0183276 23 1 23 1
2339 2058 281 5 0.699942 0.666733 0.0332099 17 2 17 2
2351 2153 198 3 0.699989 0.673046 0.0269429 23 2 23 2
2382 2207 175 27 0.699923 0.676591 0.0233314 23 3 23 3
2420 2161 259 21 0.699897 0.665664 0.0342328 19 3 19 3
2447 2143 304 29 0.699947 0.659113 0.0408342 17 0 17 0
2468 2239 229 26 0.69995 0.669168 0.030782 22 4 22 4
3034 2823 211 16 0.599981 0.569367 0.0306134 21 3 21 3
3081 2896 185 10 0.599953 0.579027 0.0209256 22 5 22 5
3833 3733 100 17 0.499978 0.485791 0.0141872 24 4 24 4
3841 3712 129 18 0.499966 0.484547 0.0154192 20 4 20 4
3923 3870 53 6 0.799997 0.79231 0.00768702 21 5 14 5
3938 3594 344 7 0.499933 0.452674 0.047259 18 7 18 7
3977 3661 316 4 0.499928 0.459328 0.0405998 20 7 20 7
4004 3755 249 2 0.499954 0.46434 0.0356135 22 4 22 4
4937 4555 382 19 0.399989 0.351042 0.0489471 25 3 25 3
5049 4867 182 1 0.699995 0.674849 0.0251458 23 4 17 4
5275 5089 186 23 0.799936 0.772797 0.0271389 22 6 17 6
5321 5268 53 27 0.79994 0.791562 0.00837854 22 6 13 5
5340 5151 189 28 0.799997 0.775404 0.0245928 26 3 14 2
5403 5350 53 29 0.799794 0.791942 0.00785191 18 4 9 4
5536 5396 140 9 0.29993 0.281845 0.0180848 21 6 21 6
5582 5273 309 25 0.299973 0.260411 0.0395625 28 1 28 1
5603 5386 217 22 0.299982 0.27022 0.0297617 21 5 21 5
5648 5270 378 20 0.299858 0.251692 0.0481661 19 7 19 7
5869 5210 659 8 0.299982 0.219978 0.0800041 28 1 28 1
6815 6543 272 15 0.299915 0.264857 0.0350582 26 3 25 3
6881 6506 375 24 0.499963 0.443917 0.0560459 25 4 23 4
6951 6756 195 14 0.299946 0.270979 0.0289669 21 8 21 8
7168 7115 53 6 0.699903 0.692937 0.00696558 21 8 16 7
7251 6817 434 0 0.299923 0.245211 0.0547123 24 3 24 3
7349 7015 334 29 0.899987 0.856405 0.0435824 20 3 4 0
7478 7134 344 10 0.699948 0.657438 0.0425106 26 3 17 3
7815 7760 55 26 0.499998 0.4912 0.00879797 23 5 20 5
8021 7898 123 11 0.299951 0.281498 0.018453 19 9 19 9
8200 8129 71 13 0.279876 0.270044 0.00983197 16 13 15 13
8246 7942 304 21 0.499964 0.45846 0.0415046 24 5 22 4
8304 7926 378 16 0.599987 0.551478 0.048509 19 9 16 9
8920 8816 104 12 0.299988 0.282909 0.0170783 20 8 16 8
8921 8623 298 2 0.699963 0.660341 0.0396215 20 8 14 7
9258 8665 593 28 0.69981 0.620151 0.0796597 22 7 13 7
9405 9036 369 3 0.299917 0.252155 0.0477615 15 13 14 13
9458 9345 113 27 0.599957 0.58154 0.018417 20 9 19 9
9635 9500 135 1 0.599942 0.578111 0.0218314 13 15 8 14
9697 9391 306 5 0.299975 0.256794 0.0431819 21 8 21 7
10367 10006 361 23 0.499966 0.451491 0.0484755 19 9 16 8
10895 10513 382 10 0.799908 0.751269 0.048639 24 5 10 3
10908 10796 112 24 0.799894 0.786226 0.0136682 26 3 13 2
11164 10919 245 17 0.399784 0.364622 0.0351615 21 8 16 8
11900 11723 177 7 0.299913 0.278356 0.0215576 20 9 19 9
11908 11554 354 18 0.299896 0.252448 0.0474483 22 6 20 6
11951 11607 344 6 0.599934 0.552796 0.0471374 22 7 18 6
11999 11639 360 4 0.299945 0.249097 0.0508484 21 8 20 8
12217 11856 361 19 0.499906 0.455925 0.0439813 23 6 15 5
12398 12343 55 22 0.499787 0.490568 0.00921894 23 6 18 6
12818 12501 317 9 0.499925 0.458816 0.0411088 24 5 20 5
12870 11705 1165 29 0.499931 0.307744 0.192187 21 6 17 5
12888 12617 271 20 0.499959 0.465124 0.0348347 24 4 20 3
13216 12988 228 15 0.599789 0.571849 0.0279401 24 5 18 4
13277 12927 350 2 0.699914 0.650674 0.0492394 18 11 7 6
13313 12932 381 8 0.499852 0.454865 0.0449867 25 4 20 4
13404 13073 331 14 0.599923 0.557564 0.0423599 21 8 19 5
13551 13260 291 24 0.799924 0.758677 0.0412465 25 4 13 3
13635 13223 412 25 0.399969 0.344204 0.0557644 21 8 20 8
14149 13936 213 11 0.599959 0.575361 0.0245979 18 11 15 11
14781 14371 410 1 0.599843 0.547842 0.0520015 16 12 12 10
15393 15055 338 0 0.399994 0.355027 0.0449675 24 4 22 4
15616 15371 245 26 0.29996 0.269795 0.0301649 19 9 18 9
15826 15554 272 16 0.299786 0.261153 0.0386329 17 11 15 8
15968 15865 103 5 0.599926 0.586502 0.0134243 23 6 21 6
16008 15941 67 28 0.299948 0.291421 0.00852776 24 5 17 3
16089 15901 188 21 0.299926 0.274955 0.0249717 22 7 22 7
16422 16256 166 12 0.499938 0.479048 0.0208899 22 6 12 3
16561 16306 255 2 0.799973 0.767884 0.0320883 20 9 16 3
16561 16469 92 23 0.499811 0.488065 0.0117465 26 3 24 2
16870 16383 487 3 0.49997 0.43943 0.0605406 24 5 19 4
16898 16655 243 13 0.299958 0.269936 0.0300226 22 7 21 6
17003 16601 402 27 0.299871 0.247185 0.0526859 20 9 20 8
17189 16609 580 9 0.799916 0.721052 0.0788642 27 2 15 2
17482 17277 205 18 0.699941 0.670031 0.0299102 22 7 14 5
17540 16676 864 10 0.399922 0.291129 0.108794 24 5 21 5
17813 17678 135 17 0.49993 0.480969 0.0189609 21 8 20 7
18491 18436 55 24 0.499956 0.491436 0.00852008 16 13 15 13
18508 18415 93 14 0.599913 0.5884 0.0115122 18 11 16 10
18692 18604 88 6 0.399918 0.386993 0.012925 17 12 15 12
18924 17885 1039 8 0.699909 0.563671 0.136238 23 6 19 4
18977 18117 860 20 0.599951 0.469283 0.130668 23 6 16 4
19281 18956 325 15 0.499941 0.452394 0.0475465 21 8 14 8
19508 19110 398 2 0.799938 0.737414 0.0625246 18 11 11 5
19703 19452 251 25 0.599984 0.567658 0.0323261 27 2 20 1
20118 19780 338 4 0.399826 0.356747 0.0430788 23 6 20 5
20281 20079 202 19 0.299907 0.270269 0.029638 18 11 17 10
20324 19960 364 22 0.299934 0.25216 0.0477744 25 4 21 4
20589 20422 167 7 0.299913 0.276503 0.0234097 19 10 17 10
20837 20571 266 11 0.399804 0.366518 0.0332865 20 9 19 9
21031 20847 184 26 0.699977 0.672181 0.0277956 20 8 14 5
21165 20948 217 3 0.799934 0.769271 0.0306632 25 4 18 2
21275 20894 381 12 0.699977 0.650205 0.0497723 23 5 12 4
21549 21202 347 29 0.299873 0.254795 0.0450786 21 8 19 8
21650 21269 381 1 0.399926 0.351207 0.0487191 18 11 18 8
21826 21615 211 5 0.499908 0.468293 0.0316146 20 9 18 8
22622 22545 77 14 0.699932 0.687531 0.0124004 22 7 17 7
22641 22260 381 9 0.499916 0.446862 0.0530537 22 7 18 7
22695 22154 541 21 0.59999 0.532885 0.0671053 22 7 20 6
23070 22729 341 18 0.499987 0.458793 0.0411938 21 8 18 8
23199 22935 264 17 0.59994 0.567232 0.032708 24 5 17 3
23787 23563 224 16 0.399901 0.37195 0.0279519 22 7 19 6
23791 23540 251 0 0.299979 0.265515 0.0344641 19 10 17 9
24004 23626 378 24 0.599864 0.550673 0.0491908 20 9 14 6
24236 24030 206 27 0.499931 0.470826 0.0291045 20 9 18 9
24509 24241 268 23 0.2999 0.258482 0.0414181 21 8 20 8
24769 24560 209 15 0.599981 0.563319 0.0366619 17 12 15 11
24802 24388 414 10 0.499908 0.437596 0.0623115 21 8 19 7
24887 24525 362 28 0.299934 0.250224 0.0497101 23 6 21 5
25173 25113 60 20 0.499833 0.490793 0.00904025 23 6 18 6
25203 25111 92 2 0.395501 0.381786 0.013715 21 8 19 8
25211 25016 195 12 0.69998 0.672348 0.027632 22 7 15 6
25505 24591 914 13 0.399998 0.295178 0.104821 21 8 20 8
25579 25342 237 3 0.599868 0.56792 0.0319479 26 3 21 2
25763 25487 276 25 0.499974 0.460964 0.0390101 23 6 18 5
25891 25629 262 26 0.599938 0.565806 0.0341319 21 8 16 6
25961 25776 185 6 0.399899 0.375979 0.0239194 20 9 19 7
26094 25983 111 8 0.299994 0.28737 0.0126236 14 15 14 13
26821 26504 317 4 0.499992 0.453967 0.0460246 22 7 12 4
27509 27266 243 17 0.699799 0.66872 0.0310795 19 10 11 7
27898 27378 520 7 0.499924 0.429802 0.070122 15 14 11 12
28069 26971 1098 29 0.699966 0.514118 0.185848 19 10 11 8
28150 27885 265 14 0.499891 0.459489 0.0404018 16 13 14 13
28219 28086 133 19 0.399948 0.376658 0.02329 21 8 19 5
28554 28126 428 9 0.599994 0.543752 0.0562418 21 8 14 7
28874 28748 126 22 0.299987 0.282053 0.0179349 21 8 21 8
29057 28619 438 10 0.799965 0.740319 0.0596455 20 9 11 5
29114 29052 62 21 0.39865 0.389742 0.00890829 24 5 23 5
29142 28884 258 11 0.299988 0.260042 0.0399466 21 8 20 8
29291 29128 163 18 0.499922 0.478106 0.0218157 22 7 17 5
29598 29510 88 5 0.299964 0.287936 0.0120287 25 4 23 4
29996 29784 212 23 0.699969 0.671011 0.0289576 23 6 19 5
