841 754 87 17 0.89981 0.887216 0.0125933 13 0 13 0
920 712 208 4 0.899946 0.872576 0.02737 9 0 9 0
965 685 280 0 0.899939 0.865881 0.0340586 11 0 11 0
1004 630 374 26 0.899864 0.853693 0.0461715 14 3 13 2
1501 1432 69 9 0.799908 0.789965 0.00994304 20 2 20 2
1543 1490 53 11 0.8 0.792357 0.00764266 17 4 17 4
1698 1511 187 7 0.799933 0.77219 0.0277434 23 3 24 4
1743 1563 180 1 0.799917 0.775648 0.0242698 21 2 21 1
1753 1558 195 25 0.799932 0.77415 0.0257819 19 3 18 2
1875 1493 382 3 0.799925 0.750003 0.0499212 19 0 19 0
2425 2266 159 15 0.699899 0.679835 0.0200639 22 3 22 3
2443 2257 186 29 0.699941 0.674601 0.0253405 23 1 23 1
2589 2256 333 13 0.699984 0.654704 0.0452801 24 2 24 2
2923 2839 84 10 0.599883 0.587572 0.0123101 20 6 20 6
3138 3028 110 2 0.59993 0.584757 0.0151729 21 5 21 5
3207 2981 226 28 0.599764 0.5722 0.0275644 23 3 23 3
3231 2953 278 20 0.599904 0.562882 0.0370222 21 4 21 4
3268 3113 155 0 0.799934 0.77876 0.0211742 19 3 15 3
3292 2952 340 6 0.599936 0.554463 0.045473 26 3 26 3
3315 3117 198 8 0.59979 0.573387 0.0264027 22 4 22 4
3357 3212 145 26 0.7998 0.7788 0.0209992 20 6 14 5
3407 3094 313 18 0.599892 0.559757 0.040135 22 4 22 4
3851 3691 160 23 0.499899 0.478197 0.021702 19 7 19 7
4118 3808 310 5 0.499809 0.460293 0.0395163 24 4 24 4
4784 4446 338 16 0.399876 0.358965 0.0409105 25 2 25 2
4827 4714 113 9 0.699974 0.685642 0.0143317 24 5 18 4
4925 4535 390 4 0.599851 0.552177 0.0476734 22 4 21 4
5297 4990 307 1 0.699906 0.660063 0.0398434 22 7 15 6
5347 5288 59 19 0.299993 0.291786 0.00820726 17 11 17 11
5350 5234 116 12 0.299911 0.283866 0.0160442 23 4 23 4
5472 5327 145 21 0.299906 0.277375 0.0225303 21 8 21 8
5476 5308 168 27 0.299922 0.277836 0.022086 19 8 19 8
5488 5281 207 14 0.299986 0.274294 0.0256916 26 3 26 3
5565 5258 307 22 0.299893 0.260653 0.0392398 23 4 23 4
5685 5214 471 24 0.299991 0.233089 0.066902 21 8 21 8
6335 6211 124 29 0.699926 0.684855 0.01507 24 4 19 4
6797 6553 244 0 0.699902 0.671384 0.0285172 25 2 20 2
6841 6535 306 17 0.299978 0.260403 0.039575 21 8 19 8
7244 7027 217 13 0.599984 0.571895 0.0280889 23 6 16 6
7571 7287 284 7 0.399982 0.362875 0.0371068 19 11 19 10
7576 7209 367 2 0.699901 0.653105 0.0467961 22 6 14 4
7670 7426 244 25 0.399986 0.367655 0.0323309 20 8 19 8
7723 7630 93 3 0.399864 0.38558 0.0142845 21 8 21 8
8435 8181 254 20 0.599917 0.562542 0.0373752 16 12 10 12
8545 8301 244 8 0.599895 0.56818 0.031715 21 8 12 7
8601 7644 957 15 0.499981 0.364726 0.135255 19 9 17 9
8642 8220 422 26 0.499908 0.446275 0.0536338 21 8 18 8
8793 7033 1760 11 0.399846 0.110975 0.28887 19 10 18 10
8907 7607 1300 6 0.699958 0.494255 0.205704 21 8 9 7
9231 8894 337 28 0.499836 0.453289 0.0465477 18 11 14 11
9288 9235 53 23 0.599951 0.593047 0.0069033 22 6 13 5
9362 9281 81 10 0.399971 0.388944 0.0110273 20 8 18 8
10085 10012 73 9 0.488918 0.47721 0.0117085 16 13 10 11
10360 10050 310 18 0.399974 0.355568 0.0444058 24 5 21 5
10447 10177 270 22 0.799966 0.76544 0.0345258 22 5 8 1
11027 10815 212 29 0.599951 0.571161 0.0287904 27 2 18 1
11617 11357 260 12 0.599959 0.567505 0.0324537 20 9 15 9
11737 11496 241 14 0.599995 0.564263 0.0357319 23 6 13 5
11752 11361 391 2 0.699954 0.643847 0.0561079 24 5 15 4
11799 11498 301 4 0.39989 0.363013 0.0368768 19 10 19 10
11858 11565 293 1 0.399912 0.360534 0.0393787 15 14 15 13
11874 11729 145 5 0.299971 0.280104 0.0198667 22 7 17 6
12324 11991 333 24 0.599897 0.556946 0.0429514 24 5 21 4
12830 12663 167 20 0.699926 0.673848 0.0260775 25 4 21 2
13020 12780 240 0 0.399925 0.37022 0.0297051 23 6 21 5
13071 12849 222 19 0.399991 0.374403 0.0255879 21 8 20 6
13226 13012 214 22 0.799891 0.769988 0.0299034 25 3 18 3
13260 12880 380 16 0.299989 0.248709 0.0512798 19 10 19 9
14016 13806 210 21 0.299892 0.273431 0.0264605 18 11 18 10
14085 13830 255 27 0.29995 0.264962 0.0349887 22 7 22 6
14219 13758 461 9 0.799985 0.736942 0.063043 22 7 13 1
14305 14212 93 25 0.49996 0.487313 0.0126473 21 8 20 6
14495 14223 272 13 0.299999 0.267628 0.0323707 25 4 23 4
14769 14505 264 17 0.3999 0.36761 0.0322902 21 8 19 8
14919 14767 152 26 0.499935 0.478414 0.0215212 21 8 20 7
15112 14050 1062 6 0.599992 0.434975 0.165017 19 10 13 9
15113 14460 653 28 0.599963 0.488045 0.111918 19 10 16 10
15177 14940 237 7 0.399944 0.364801 0.0351428 18 12 18 9
15796 15571 225 23 0.399911 0.370763 0.0291483 24 5 24 5
15837 14895 942 3 0.399946 0.242579 0.157367 23 6 21 6
16151 14908 1243 8 0.399987 0.215004 0.184983 18 11 16 10
16214 15819 395 15 0.399919 0.346149 0.05377 15 14 15 13
16997 16679 318 14 0.59993 0.559788 0.0401417 17 12 11 11
17282 16733 549 29 0.499952 0.412336 0.0876162 24 5 22 5
17397 17105 292 2 0.499997 0.462826 0.0371705 20 9 16 9
17405 17126 279 11 0.399928 0.362527 0.0374013 21 8 19 8
17470 16793 677 4 0.69997 0.574119 0.125851 19 10 12 7
17576 15070 2506 10 0.599919 0.126304 0.473614 21 7 20 6
17972 17655 317 18 0.399903 0.358611 0.041292 22 7 18 6
18902 18830 72 20 0.399898 0.38873 0.0111685 19 10 16 8
18986 18622 364 21 0.79994 0.752584 0.0473555 21 8 12 3
19374 18061 1313 12 0.399932 0.166831 0.233101 15 14 14 14
19711 19200 511 1 0.399977 0.330226 0.0697506 14 15 14 12
19927 19634 293 24 0.299945 0.261964 0.0379812 22 7 19 7
19967 19587 380 25 0.599902 0.544907 0.0549947 21 8 19 7
19977 19615 362 22 0.299799 0.253529 0.0462695 20 9 19 9
20243 20188 55 16 0.499867 0.49168 0.00818671 20 9 17 7
20432 20379 53 5 0.299858 0.292504 0.00735394 23 6 23 6
20483 20212 271 9 0.399955 0.362753 0.0372026 27 2 21 1
20615 20287 328 26 0.599838 0.55926 0.0405782 20 9 13 7
21096 20731 365 23 0.699946 0.649241 0.0507046 26 3 16 3
21243 21058 185 19 0.299902 0.274322 0.0255801 25 4 22 3
21286 21212 74 0 0.299948 0.288125 0.0118235 20 9 18 9
21515 21401 114 17 0.499873 0.481855 0.0180175 21 8 19 6
21564 21318 246 6 0.49991 0.463192 0.0367183 25 4 23 4
21882 21770 112 28 0.399777 0.383681 0.0160953 23 6 22 6
22003 21913 90 2 0.699914 0.688593 0.0113207 22 7 14 5
22769 22375 394 7 0.399932 0.347861 0.0520715 15 15 13 13
22809 22415 394 27 0.299928 0.248949 0.0509788 18 11 18 11
23237 23065 172 21 0.599972 0.577656 0.0223152 18 11 15 10
23333 22962 371 13 0.299951 0.253703 0.0462486 19 10 19 10
23586 23261 325 8 0.499821 0.457223 0.0425985 18 11 18 9
23671 23508 163 15 0.399892 0.3773 0.0225918 20 9 18 7
23714 23561 153 3 0.399984 0.378889 0.0210956 17 12 14 10
23899 23733 166 18 0.599938 0.57755 0.0223881 20 9 18 8
24530 24215 315 14 0.299994 0.259072 0.0409221 17 12 17 11
24682 24487 195 20 0.599908 0.572668 0.0272403 21 8 19 8
24848 23818 1030 4 0.399947 0.204499 0.195449 20 9 18 9
24866 24430 436 29 0.399869 0.347357 0.052512 20 9 18 9
25206 25017 189 10 0.499958 0.47766 0.0222978 23 5 19 2
25303 24977 326 0 0.899917 0.857841 0.042076 25 4 11 0
25427 25116 311 12 0.699946 0.657984 0.0419619 17 12 11 6
25612 25410 202 9 0.699938 0.674091 0.0258469 20 9 14 9
25637 25424 213 16 0.599913 0.572257 0.0276561 19 10 17 9
25857 25679 178 2 0.699961 0.675953 0.0240088 23 6 16 6
25891 24798 1093 1 0.699969 0.520154 0.179816 21 8 16 6
25966 25664 302 26 0.599911 0.561453 0.0384586 17 12 14 10
26063 25584 479 11 0.299982 0.232886 0.067096 20 9 19 9
26567 25842 725 25 0.499927 0.391306 0.108621 16 13 14 12
26624 26151 473 24 0.6 0.522844 0.0771556 18 11 10 8
26940 26814 126 28 0.6999 0.683105 0.0167943 23 6 14 5
26965 26249 716 22 0.599966 0.476596 0.12337 19 10 15 6
27319 26892 427 17 0.599955 0.537872 0.062083 19 10 11 7
28044 27333 711 23 0.39984 0.301509 0.0983309 20 9 19 8
28331 28201 130 21 0.599933 0.58364 0.0162927 20 9 18 6
28441 28094 347 5 0.399901 0.35817 0.041731 22 7 20 5
28483 28134 349 8 0.699937 0.658741 0.0411955 18 11 13 6
29239 28963 276 7 0.499902 0.465871 0.0340316 22 8 21 5
29256 28950 306 10 0.799931 0.760577 0.0393537 22 7 12 4
29261 28835 426 13 0.699925 0.642414 0.0575103 19 10 11 6
29336 29177 159 6 0.299935 0.280455 0.0194803 21 8 19 8
29638 29286 352 9 0.699899 0.655081 0.0448185 20 9 15 6
29674 29175 499 12 0.699906 0.642306 0.0575992 19 10 16 7
29757 29496 261 20 0.599958 0.565128 0.0348305 25 4 16 3
29820 29690 130 19 0.299999 0.281268 0.0187315 23 6 19 5
29887 29429 458 2 0.699963 0.63672 0.0632424 21 8 16 7
29909 29856 53 0 0.499395 0.488452 0.0109435 19 10 17 10
