784 728 56 0 0.899825 0.893373 0.00645185 8 1 8 1
786 716 70 19 0.899918 0.889838 0.0100799 12 0 12 0
823 722 101 4 0.899932 0.885957 0.0139752 11 0 11 0
910 714 196 11 0.899956 0.871184 0.0287715 12 0 12 0
1500 1406 94 7 0.799839 0.787525 0.0123141 18 1 18 1
1558 1475 83 21 0.799983 0.788387 0.0115964 15 0 15 0
1577 1397 180 12 0.799993 0.775963 0.0240302 24 2 24 2
1634 1477 157 27 0.799951 0.780776 0.0191753 18 2 17 1
1862 1500 362 29 0.799903 0.754628 0.0452746 18 3 17 1
2241 2188 53 6 0.699985 0.692235 0.00774967 21 0 21 0
2267 2214 53 24 0.699838 0.692472 0.00736687 18 3 18 3
2279 2177 102 26 0.699964 0.684668 0.0152956 25 1 25 1
2396 2173 223 20 0.699948 0.670517 0.0294317 18 2 18 2
2427 2276 151 3 0.699913 0.678172 0.0217405 20 2 20 2
2461 2301 160 8 0.699763 0.680171 0.0195918 18 3 18 3
2465 2106 359 23 0.699808 0.647471 0.0523376 18 5 18 7
2550 2282 268 25 0.699817 0.659331 0.0404863 20 3 20 3
2556 2187 369 18 0.699995 0.651765 0.0482303 24 1 24 1
2590 2229 361 16 0.699891 0.64702 0.0528711 23 3 23 3
3092 2961 131 5 0.599892 0.583007 0.0168849 19 4 19 4
3108 2970 138 28 0.599895 0.583504 0.0163904 18 6 18 5
3120 3033 87 13 0.599939 0.587992 0.0119473 22 2 22 2
3145 2797 348 4 0.79999 0.756349 0.0436403 19 6 12 6
3566 3092 474 9 0.599945 0.538251 0.0616948 20 7 20 7
3902 3755 147 1 0.49997 0.482399 0.0175708 21 5 21 5
4250 3745 505 2 0.499987 0.421596 0.0783915 24 0 24 0
4444 4269 175 19 0.599965 0.579018 0.0209472 21 2 17 2
4635 4357 278 0 0.599985 0.567487 0.0324982 18 7 16 7
4745 4456 289 15 0.399915 0.364722 0.0351937 23 4 23 4
4814 4401 413 17 0.399983 0.33609 0.0638932 18 11 18 11
4901 4471 430 11 0.599783 0.54372 0.0560632 18 9 16 9
4975 4602 373 22 0.399954 0.351213 0.0487412 22 5 22 5
5097 4956 141 6 0.799981 0.778936 0.0210447 22 4 13 4
5468 5204 264 14 0.2999 0.266668 0.0332313 22 5 22 5
5589 5442 147 7 0.599952 0.57584 0.0241117 21 6 20 6
5601 5278 323 10 0.29992 0.259383 0.0405364 19 10 19 10
5660 5279 381 29 0.699933 0.653702 0.0462316 23 2 17 1
5719 5628 91 27 0.599961 0.587625 0.0123367 16 11 16 11
5926 5662 264 21 0.599765 0.56571 0.0340546 22 6 19 6
6296 6186 110 25 0.699932 0.686727 0.0132043 15 13 13 12
6805 6594 211 24 0.599908 0.573722 0.0261857 22 5 15 4
6975 6743 232 26 0.59999 0.570004 0.0299858 26 3 21 3
7222 6784 438 20 0.59997 0.542277 0.0576935 19 8 16 8
7399 6840 559 3 0.599885 0.523197 0.076688 22 7 16 7
7529 7167 362 28 0.699893 0.643575 0.0563183 21 7 16 6
7770 7368 402 4 0.599898 0.548461 0.0514372 18 11 15 10
7800 7528 272 12 0.399994 0.362612 0.0373826 27 4 17 3
7916 7688 228 23 0.499897 0.473298 0.0265989 12 15 12 15
8043 7718 325 8 0.499921 0.457141 0.0427797 15 12 10 10
9179 8745 434 16 0.399923 0.340488 0.0594354 21 8 20 8
9244 9047 197 25 0.79996 0.77118 0.0287804 18 10 15 6
9594 9395 199 18 0.299986 0.27385 0.0261364 21 8 19 8
9598 9383 215 9 0.499907 0.470612 0.0292945 25 3 21 3
9763 9464 299 5 0.399956 0.364558 0.035398 21 7 20 6
10307 10155 152 24 0.799944 0.780658 0.0192865 25 4 15 3
10454 10057 397 22 0.699926 0.647097 0.0528285 25 4 15 3
10571 10188 383 13 0.299925 0.250834 0.0490911 20 9 19 9
10610 10244 366 29 0.599943 0.551309 0.0486347 24 2 19 2
10615 10452 163 15 0.599902 0.579551 0.0203508 25 4 16 3
10633 10341 292 26 0.799969 0.76484 0.0351284 26 3 15 1
10678 10363 315 6 0.399895 0.3569 0.0429949 21 8 20 7
10711 10591 120 11 0.499896 0.483057 0.0168393 20 9 20 7
10942 10609 333 1 0.399947 0.359763 0.0401843 22 7 18 6
11227 10846 381 14 0.699958 0.650435 0.0495236 19 10 15 7
11421 11368 53 17 0.499858 0.493816 0.00604163 20 9 19 8
11718 11330 388 2 0.399985 0.344164 0.055821 22 7 19 7
12053 12000 53 7 0.399936 0.392311 0.00762514 21 8 19 7
12070 11795 275 19 0.299963 0.264542 0.0354206 24 5 23 5
12227 11935 292 0 0.299951 0.263031 0.0369207 16 13 13 12
12578 11647 931 21 0.499916 0.394098 0.105818 21 8 18 7
13120 12818 302 27 0.299927 0.259639 0.0402884 19 10 16 10
13312 13257 55 3 0.499983 0.491828 0.00815518 21 8 15 7
13432 13318 114 10 0.39995 0.383399 0.0165502 24 5 22 5
13572 13272 300 8 0.599957 0.559238 0.0407192 22 6 19 5
13797 13526 271 22 0.799942 0.766706 0.0332361 25 4 12 3
13843 13587 256 28 0.39997 0.363673 0.0362974 20 9 18 9
14478 14082 396 25 0.499946 0.448829 0.0511171 20 9 19 8
14589 14254 335 24 0.599946 0.556846 0.0431007 23 6 19 6
14794 14519 275 20 0.299989 0.264572 0.0354178 21 8 21 8
14963 14815 148 9 0.599932 0.579612 0.0203202 24 5 18 5
14991 14718 273 15 0.699942 0.663825 0.0361176 22 7 19 7
15295 14817 478 23 0.399947 0.329047 0.0709008 16 13 14 10
15354 15111 243 4 0.299959 0.26188 0.038079 20 9 16 8
15378 15094 284 16 0.59996 0.560511 0.0394495 23 6 17 3
15682 15318 364 7 0.899895 0.858077 0.0418183 25 4 8 0
16194 16054 140 13 0.699993 0.682518 0.017475 23 6 13 5
16243 15905 338 12 0.299883 0.256083 0.0438009 20 11 17 9
16494 16382 112 29 0.499964 0.48075 0.0192137 20 9 19 8
16918 16561 357 11 0.499818 0.451438 0.04838 22 7 19 7
16999 16187 812 26 0.399941 0.248776 0.151165 23 6 21 6
17007 16813 194 0 0.799871 0.772801 0.0270698 17 12 11 5
17186 17104 82 5 0.399953 0.389407 0.0105452 19 10 18 10
17471 17399 72 17 0.499843 0.486452 0.0133916 19 10 15 9
17511 17076 435 22 0.699852 0.626423 0.0734292 21 8 16 6
18099 17751 348 3 0.699925 0.650817 0.049108 24 5 16 3
18135 17508 627 14 0.399966 0.323186 0.0767804 24 5 21 5
18278 17501 777 19 0.699984 0.602162 0.0978219 23 6 17 6
18495 17373 1122 18 0.399969 0.267826 0.132143 18 11 17 9
18501 18425 76 2 0.499965 0.489519 0.0104456 24 5 22 5
18673 18540 133 27 0.699955 0.682777 0.0171774 20 9 15 6
19797 19167 630 1 0.299979 0.193985 0.105993 19 10 11 9
19821 17316 2505 6 0.499941 0.169397 0.330544 20 9 20 9
20037 18823 1214 28 0.699977 0.515498 0.184479 22 7 14 4
20097 19718 379 24 0.599929 0.545594 0.0543352 21 8 10 6
20209 19882 327 10 0.499987 0.452839 0.0471473 21 8 18 8
20523 20179 344 7 0.499962 0.459445 0.0405172 19 10 14 9
20694 20575 119 9 0.499926 0.481962 0.0179644 24 5 20 4
20872 20636 236 21 0.299967 0.272192 0.0277752 15 14 15 14
20882 20641 241 13 0.599984 0.56861 0.0313735 21 8 15 7
20933 20591 342 4 0.699982 0.655916 0.0440658 19 10 14 8
21093 20770 323 11 0.799925 0.761209 0.0387164 21 8 12 3
21207 20834 373 8 0.299946 0.252443 0.0475037 23 6 22 5
21278 21110 168 16 0.499908 0.478605 0.0213025 24 5 21 5
21408 21138 270 20 0.599938 0.563702 0.0362351 23 6 19 5
21694 21565 129 27 0.79983 0.784488 0.0153425 23 6 14 2
21824 21462 362 25 0.399987 0.354442 0.0455451 21 8 20 8
22226 21909 317 15 0.299902 0.254029 0.0458734 23 6 21 6
22691 22595 96 0 0.399962 0.387336 0.0126259 22 7 21 7
23700 23362 338 17 0.49995 0.460188 0.0397623 19 10 17 9
23818 23235 583 14 0.699939 0.595051 0.104888 20 9 14 7
23860 23524 336 23 0.29994 0.260272 0.0396684 19 10 19 9
23887 23685 202 19 0.499919 0.474763 0.0251559 23 6 20 6
24115 23999 116 29 0.299956 0.285854 0.0141015 22 7 20 6
24365 23975 390 12 0.399821 0.348763 0.0510575 21 10 18 7
24365 24206 159 28 0.69991 0.677092 0.0228187 23 6 14 3
24956 24611 345 22 0.299958 0.258101 0.0418572 23 6 22 6
25005 24952 53 5 0.299954 0.292474 0.00747944 21 8 21 8
25222 25167 55 11 0.599852 0.590685 0.00916697 17 12 14 11
25367 24946 421 27 0.699961 0.644623 0.0553381 24 5 18 5
25387 24966 421 3 0.299777 0.244151 0.0556258 16 13 15 11
25741 25602 139 26 0.299963 0.279585 0.0203784 20 9 19 9
25818 25540 278 6 0.69995 0.662532 0.0374183 22 7 19 7
26095 25885 210 24 0.499919 0.47276 0.0271584 19 10 19 9
26214 25930 284 9 0.599806 0.566656 0.0331501 17 12 16 11
26341 26129 212 2 0.299956 0.268416 0.0315404 28 1 26 1
26441 26292 149 21 0.699909 0.678846 0.0210627 15 14 9 11
26821 26267 554 1 0.599991 0.512339 0.0876517 15 14 14 11
26891 26756 135 25 0.699986 0.680839 0.019147 20 9 12 7
26969 26607 362 13 0.4999 0.454878 0.045022 22 7 19 5
27111 26533 578 16 0.599977 0.52196 0.0780173 24 5 17 5
27158 26923 235 18 0.299974 0.268151 0.0318233 18 11 18 10
27532 27165 367 20 0.499915 0.452015 0.0479002 20 9 17 9
28014 27808 206 4 0.299967 0.274116 0.0258513 22 7 22 7
28199 27847 352 10 0.299951 0.256387 0.0435643 14 15 13 13
28377 28103 274 8 0.499918 0.465081 0.0348367 16 13 11 13
29417 29129 288 19 0.599844 0.559344 0.0404998 22 7 16 6
29418 29228 190 0 0.499912 0.475078 0.0248341 25 4 18 4
29593 29298 295 21 0.799995 0.763971 0.0360245 18 11 13 7
29763 29463 300 28 0.499939 0.460179 0.0397595 19 10 18 9
29988 29935 53 12 0.599847 0.59213 0.00771708 22 9 12 4
