3986 3933 53 2 0.499988 0.492443 0.0075442 8 0 8 0
4069 3993 76 6 0.499941 0.489555 0.0103864 9 0 9 0
4081 4000 81 1 0.499939 0.488464 0.0114749 8 1 8 1
4083 3976 107 4 0.499935 0.485612 0.0143226 9 0 9 0
4110 4031 79 0 0.499991 0.488001 0.0119892 6 3 6 3
6060 3981 2079 9 0.499857 0.288747 0.21111 8 1 8 1
6155 3938 2217 8 0.499942 0.271984 0.227958 8 0 8 0
6171 4014 2157 7 0.499965 0.279086 0.220878 8 1 8 1
6185 4036 2149 3 0.4999 0.279984 0.219916 6 3 6 3
6202 3998 2204 5 0.499993 0.274961 0.225032 9 0 9 0
10298 10241 57 2 0.499955 0.492489 0.00746626 8 1 8 1
10362 10309 53 4 0.49884 0.489179 0.00966154 6 3 6 3
10456 10361 95 0 0.499925 0.487033 0.012892 9 0 8 0
10528 10312 216 1 0.499893 0.472345 0.0275483 9 0 7 0
10540 10304 236 6 0.499972 0.469611 0.0303615 6 3 6 3
13167 13096 71 9 0.499939 0.490553 0.00938614 8 1 7 1
13475 13373 102 5 0.499948 0.488721 0.011227 8 1 7 1
13535 13313 222 3 0.499766 0.474146 0.0256201 8 1 8 1
13542 13164 378 7 0.499978 0.451439 0.0485388 7 2 7 2
13654 13382 272 8 0.49998 0.46933 0.0306499 8 1 7 1
16682 16542 140 2 0.499917 0.480904 0.0190128 9 0 8 0
16761 16490 271 4 0.499963 0.467776 0.0321864 8 1 8 1
17015 16699 316 0 0.499919 0.461437 0.0384816 7 2 7 2
17144 16833 311 1 0.49995 0.463139 0.0368106 6 3 5 3
17198 16845 353 6 0.499977 0.459062 0.0409152 8 1 8 1
19372 19282 90 9 0.499981 0.486826 0.0131553 7 2 7 2
20038 19821 217 3 0.499986 0.47348 0.0265058 8 1 8 1
20071 19718 353 5 0.49995 0.456556 0.0433942 7 2 7 2
20192 19912 280 7 0.499984 0.467461 0.0325238 5 4 5 4
20345 20041 304 8 0.49989 0.46305 0.0368405 7 2 7 2
23308 22991 317 4 0.499932 0.46123 0.0387015 5 4 5 3
23338 22926 412 2 0.499935 0.446681 0.0532544 8 1 7 1
23633 23428 205 0 0.499907 0.474626 0.0252811 8 1 8 1
23761 23524 237 1 0.499933 0.470503 0.0294307 6 3 6 3
23915 23674 241 6 0.499972 0.469784 0.030188 7 2 7 2
25658 25520 138 9 0.499904 0.482935 0.0169696 6 3 6 3
26535 26391 144 3 0.499896 0.482482 0.017414 8 1 7 1
26651 26497 154 7 0.499922 0.482911 0.0170106 8 1 8 1
26816 26488 328 5 0.499976 0.460056 0.0399203 8 1 7 0
26930 26705 225 8 0.49992 0.472667 0.0272531 4 5 4 5
29846 29792 54 2 0.499821 0.493682 0.00613939 7 2 6 2
