4014 3868 146 9 0.4999 0.483817 0.016083 9 0 9 0
4099 4046 53 1 0.499914 0.492136 0.00777791 7 2 7 2
4102 3982 120 0 0.499968 0.485215 0.0147529 9 0 9 0
4162 4019 143 4 0.499918 0.480805 0.0191136 9 0 9 0
4419 4079 340 7 0.499909 0.46001 0.0398997 9 0 9 0
6123 4067 2056 2 0.499924 0.289997 0.209927 6 3 6 3
6174 4018 2156 5 0.499993 0.275379 0.224614 9 0 9 0
6205 4131 2074 3 0.499981 0.285313 0.214668 8 1 8 1
6625 4087 2538 8 0.499995 0.237215 0.262779 8 1 8 1
10298 10166 132 9 0.499926 0.482709 0.0172173 5 4 5 4
10628 10485 143 4 0.499954 0.481273 0.0186808 7 2 6 2
10782 10409 373 0 0.499993 0.45461 0.0453826 8 1 8 1
10864 10517 347 1 0.499895 0.459973 0.0399223 9 0 7 0
10973 10838 135 7 0.499968 0.484191 0.0157765 7 2 6 2
13367 13117 250 2 0.499915 0.471434 0.0284801 6 3 5 3
13497 13274 223 3 0.499952 0.473718 0.0262341 6 3 5 3
13615 13270 345 5 0.499773 0.459119 0.0406548 6 3 5 3
14178 13879 299 8 0.49999 0.466344 0.0336466 6 3 4 3
16736 16467 269 9 0.499932 0.466999 0.0329329 7 2 7 1
17142 16886 256 4 0.499895 0.467921 0.0319737 8 1 8 0
17205 17017 188 1 0.499943 0.477662 0.0222807 8 1 5 1
17351 17167 184 7 0.499979 0.477929 0.02205 7 2 7 1
17391 17141 250 0 0.499893 0.469964 0.0299293 6 3 6 2
19845 19589 256 3 0.499984 0.467241 0.0327436 7 2 6 2
19900 19737 163 2 0.499923 0.477224 0.0226991 9 0 7 0
20027 19969 58 5 0.499937 0.492992 0.00694537 5 4 4 4
20835 20499 336 8 0.499892 0.460536 0.0393557 8 1 7 1
23460 23401 59 4 0.479316 0.472411 0.0069049 5 4 4 3
23484 23012 472 9 0.499938 0.426279 0.0736596 7 2 7 1
23664 23344 320 1 0.499894 0.459758 0.0401363 8 1 7 1
23762 23647 115 0 0.49998 0.484979 0.015002 7 2 7 1
23828 23673 155 7 0.499953 0.48267 0.0172827 8 1 8 0
26153 26098 55 2 0.499941 0.49307 0.0068711 7 2 6 2
26424 26039 385 3 0.499933 0.45104 0.0488929 7 2 6 2
26469 26262 207 5 0.499947 0.47443 0.0255165 5 4 4 4
27345 27068 277 8 0.499911 0.468084 0.0318275 4 5 3 5
29845 29664 181 4 0.499913 0.475838 0.0240753 5 4 5 3
29957 29880 77 9 0.499954 0.489123 0.0108313 6 3 5 2
