4074 3959 115 5 0.499901 0.485518 0.0143834 8 0 8 0
4117 3996 121 8 0.499906 0.485603 0.0143025 8 1 8 1
4154 4015 139 7 0.499919 0.484476 0.0154428 9 0 9 0
4164 4047 117 3 0.499933 0.484677 0.0152569 8 1 8 1
4189 4104 85 4 0.499902 0.48997 0.00993238 8 1 8 1
6176 4014 2162 9 0.499953 0.278919 0.221034 9 0 9 0
6219 3967 2252 2 0.499903 0.268728 0.231175 9 0 9 0
6260 4028 2232 1 0.499982 0.271047 0.228935 8 1 8 1
6269 4098 2171 6 0.499961 0.276819 0.223142 8 1 8 1
6273 4162 2111 0 0.499903 0.285334 0.214569 7 1 7 1
10559 10252 307 5 0.499917 0.464271 0.0356462 8 0 7 0
10634 10421 213 3 0.499927 0.473191 0.0267362 8 1 6 1
10687 10415 272 8 0.499985 0.469031 0.0309537 7 2 7 2
10839 10470 369 4 0.499821 0.453065 0.0467559 7 2 7 2
10900 10511 389 7 0.499998 0.452755 0.0472435 8 1 8 1
13242 13167 75 9 0.499971 0.48933 0.0106412 6 3 5 3
13544 13312 232 0 0.499975 0.472556 0.0274192 6 3 6 3
13650 13335 315 6 0.49997 0.462943 0.0370274 4 5 4 5
13651 13433 218 1 0.49998 0.475448 0.0245318 6 3 6 3
13700 13396 304 2 0.49995 0.463545 0.0364043 6 3 6 3
17063 16940 123 3 0.499824 0.484151 0.015673 9 0 9 0
17240 16882 358 5 0.499944 0.458332 0.0416116 8 1 7 1
17358 17047 311 8 0.499914 0.461254 0.0386604 9 0 7 0
17386 17333 53 7 0.49999 0.492819 0.00717091 5 4 5 4
17456 17212 244 4 0.499902 0.469511 0.0303913 7 2 7 2
19622 19496 126 9 0.499899 0.484151 0.0157477 6 3 6 3
20110 20056 54 6 0.499958 0.49217 0.00778859 4 5 4 5
20183 19975 208 1 0.49992 0.477049 0.0228711 6 3 6 3
20221 19882 339 0 0.499926 0.45819 0.0417359 6 3 6 3
20337 19992 345 2 0.499948 0.460347 0.0396006 7 2 7 1
23568 23253 315 3 0.499856 0.464455 0.0354005 8 1 8 1
23706 23609 97 7 0.499944 0.486841 0.0131025 8 1 7 0
23897 23792 105 4 0.499934 0.487257 0.0126772 7 2 6 2
23940 23587 353 5 0.499953 0.457123 0.0428296 7 2 7 2
24017 23692 325 8 0.499995 0.460577 0.0394181 8 1 7 1
26139 25859 280 9 0.499949 0.465806 0.0341424 6 3 5 3
26438 26265 173 6 0.499938 0.479467 0.0204709 6 3 6 3
26783 26487 296 1 0.49992 0.465234 0.0346855 7 2 7 2
26849 26663 186 0 0.499993 0.47787 0.0221225 7 2 7 2
27115 26764 351 2 0.499961 0.457384 0.0425763 7 2 7 1
