4100 4047 53 8 0.49993 0.492605 0.00732503 9 0 9 0
4112 4058 54 6 0.499892 0.492215 0.00767738 8 1 8 1
4126 3921 205 5 0.499946 0.47557 0.0243758 9 0 9 0
4191 4132 59 1 0.499926 0.492213 0.00771385 7 2 7 2
4218 3944 274 2 0.499917 0.467826 0.0320917 8 1 8 1
6173 3986 2187 0 0.499892 0.274237 0.225654 9 0 9 0
6187 4108 2079 3 0.499915 0.286142 0.213772 9 0 9 0
6266 4031 2235 4 0.499885 0.269441 0.230444 7 2 8 2
6269 4071 2198 7 0.4999 0.274085 0.225815 9 0 9 0
10253 10179 74 6 0.499944 0.489986 0.00995774 7 2 7 2
10478 10279 199 1 0.499895 0.474803 0.0250918 8 1 8 1
10507 10296 211 5 0.499968 0.47142 0.0285476 7 2 7 2
10570 10244 326 8 0.499996 0.463047 0.036949 8 1 7 1
10951 10552 399 2 0.499983 0.450324 0.0496589 6 3 6 3
13362 13260 102 3 0.499914 0.486724 0.0131895 6 3 5 3
13458 13342 116 4 0.499959 0.486085 0.0138744 6 3 5 3
13518 13319 199 0 0.499944 0.476154 0.02379 8 1 7 1
13528 13334 194 7 0.499954 0.475834 0.0241196 8 1 7 1
16464 16305 159 6 0.499979 0.478681 0.0212978 7 2 7 1
16960 16846 114 5 0.499925 0.485634 0.0142907 7 2 7 1
17158 16858 300 8 0.499921 0.46445 0.0354702 8 1 8 0
17216 16853 363 1 0.499943 0.455124 0.0448194 6 3 5 2
17398 17280 118 2 0.499982 0.48477 0.0152118 7 2 6 1
19481 19426 55 3 0.499997 0.492878 0.00711968 7 2 6 1
19853 19664 189 4 0.499817 0.474828 0.0249889 8 1 7 1
20023 19738 285 0 0.499943 0.463814 0.036129 6 3 5 3
20149 19770 379 7 0.499969 0.451508 0.0484611 4 5 3 5
23178 22818 360 6 0.499903 0.454883 0.0450196 6 3 5 2
23333 22964 369 5 0.499927 0.456225 0.0437022 6 3 6 2
23699 23573 126 2 0.499954 0.483622 0.016332 7 2 7 1
23743 23615 128 1 0.499937 0.482418 0.0175191 6 3 6 2
23847 23533 314 8 0.49994 0.462694 0.037246 4 5 4 4
25945 25888 57 3 0.468873 0.462617 0.00625677 8 1 7 1
26398 26079 319 4 0.499951 0.460444 0.0395073 7 2 6 2
26485 26292 193 0 0.499913 0.475746 0.0241667 7 2 5 1
26763 26584 179 7 0.499967 0.476136 0.0238313 8 1 6 1
29700 29589 111 6 0.499962 0.485784 0.0141778 7 2 7 0
29876 29695 181 5 0.499889 0.47867 0.0212188 8 1 8 0
29916 29746 170 2 0.499969 0.478872 0.0210972 8 1 7 0
