4092 3962 130 0 0.499904 0.483993 0.0159117 9 0 9 0
4156 4022 134 5 0.499981 0.483523 0.0164576 9 0 9 0
4223 3874 349 8 0.499949 0.460336 0.0396125 9 0 9 0
4242 3988 254 1 0.499957 0.469577 0.0303803 9 0 9 0
4258 3956 302 9 0.49991 0.463533 0.0363765 9 0 9 0
6200 4040 2160 7 0.499924 0.278712 0.221212 7 2 7 2
6266 3949 2317 2 0.499948 0.259547 0.240401 9 0 9 0
6409 3968 2441 4 0.499969 0.249406 0.250562 7 2 7 2
6428 3992 2436 6 0.499983 0.250501 0.249483 7 2 7 2
6450 4101 2349 3 0.499941 0.261121 0.238819 7 2 7 2
10285 9987 298 8 0.499995 0.46493 0.0350651 9 0 6 0
10485 10381 104 0 0.499903 0.487028 0.0128751 3 6 3 6
10581 10479 102 5 0.499978 0.488766 0.0112111 8 1 6 1
10716 10583 133 1 0.499944 0.48443 0.015514 8 1 8 1
10768 10709 59 9 0.499945 0.491986 0.00795919 7 2 6 2
13597 13260 337 7 0.499991 0.458368 0.0416236 7 2 6 2
13629 13454 175 2 0.499917 0.478483 0.0214344 6 3 6 3
13702 13643 59 4 0.49993 0.491935 0.00799472 7 2 6 2
13715 13621 94 3 0.499996 0.489339 0.0106568 7 2 7 2
13823 13699 124 6 0.499907 0.484982 0.0149252 7 2 7 2
16831 16676 155 8 0.5 0.481097 0.018903 7 2 7 2
16877 16699 178 0 0.499932 0.477848 0.0220839 7 2 7 1
16977 16866 111 5 0.499764 0.484646 0.0151177 9 0 9 0
17022 16968 54 9 0.499933 0.492803 0.00713008 5 4 5 3
17055 16952 103 1 0.499891 0.48626 0.0136315 7 2 6 2
20011 19897 114 4 0.49993 0.485282 0.0146476 7 2 7 2
20023 19888 135 2 0.499971 0.48286 0.0171105 6 3 6 2
20063 20008 55 3 0.499966 0.492785 0.00718101 8 1 8 1
20186 20052 134 7 0.499964 0.482554 0.0174103 7 2 7 2
20189 20028 161 6 0.499996 0.479917 0.0200788 9 0 9 0
23266 23173 93 0 0.499926 0.489071 0.0108555 6 3 6 3
23341 23083 258 8 0.499952 0.469142 0.0308097 9 0 9 0
23381 23283 98 1 0.499868 0.486625 0.0132424 9 0 9 0
23453 23266 187 9 0.499829 0.476613 0.0232157 9 0 9 0
23526 23286 240 5 0.499907 0.471909 0.0279977 6 3 6 3
26264 26152 112 4 0.499922 0.48761 0.0123111 8 1 6 1
26343 26127 216 3 0.499951 0.473291 0.0266605 8 1 8 1
26520 26274 246 2 0.499901 0.470852 0.0290494 7 2 7 2
26691 26406 285 6 0.499956 0.468215 0.0317411 9 0 7 0
26763 26564 199 7 0.499965 0.475435 0.0245306 8 1 8 1
29652 29382 270 0 0.499897 0.469156 0.030741 9 0 8 0
29873 29618 255 1 0.499919 0.469992 0.0299268 7 2 7 2
29927 29802 125 9 0.499959 0.48609 0.0138684 9 0 8 0
