4014 3950 64 0 0.499933 0.492361 0.00757215 9 0 9 0
4062 3982 80 1 0.499911 0.486737 0.013174 8 1 8 1
4084 4023 61 3 0.499947 0.491406 0.00854045 8 1 8 1
4102 3960 142 6 0.499944 0.481832 0.018112 9 0 9 0
4153 4064 89 5 0.4999 0.488706 0.0111943 9 0 9 0
6088 3975 2113 4 0.499893 0.282902 0.216991 8 1 8 1
6159 3944 2215 7 0.499968 0.270989 0.228979 9 0 9 0
6162 4067 2095 8 0.499969 0.284746 0.215223 9 0 9 0
6219 4035 2184 2 0.499994 0.275135 0.224859 9 0 9 0
6242 4090 2152 9 0.499909 0.27814 0.221769 6 3 6 3
10373 10167 206 0 0.49999 0.474586 0.0254046 8 1 7 1
10615 10329 286 3 0.499895 0.467118 0.0327775 7 2 7 2
10623 10408 215 5 0.499907 0.475794 0.024113 5 4 5 4
10659 10331 328 1 0.499946 0.457885 0.0420604 8 1 8 1
10754 10413 341 6 0.499915 0.459911 0.0400042 8 1 8 1
13383 13330 53 2 0.499887 0.492517 0.00737066 6 3 6 3
13570 13188 382 4 0.499974 0.452539 0.0474344 5 4 5 4
13587 13286 301 8 0.499892 0.464809 0.0350834 7 2 5 2
13623 13308 315 7 0.499925 0.458812 0.0411123 7 2 6 2
13683 13393 290 9 0.49994 0.465277 0.0346633 6 3 4 3
16840 16621 219 0 0.499947 0.472976 0.026971 7 2 7 2
17018 16861 157 5 0.499955 0.48132 0.0186347 8 1 7 1
17102 17012 90 3 0.499893 0.488327 0.0115665 5 4 3 4
17175 16968 207 1 0.499997 0.473161 0.0268362 7 2 6 2
17268 17009 259 6 0.499992 0.46911 0.0308824 9 0 9 0
19775 19632 143 2 0.499938 0.482022 0.0179165 7 2 5 2
20028 19974 54 8 0.5 0.493645 0.0063544 7 2 6 2
20149 19984 165 4 0.499944 0.480831 0.019113 9 0 9 0
20176 20077 99 9 0.499974 0.488189 0.0117847 7 2 7 2
20284 20021 263 7 0.499947 0.470214 0.0297329 8 1 6 1
23232 23096 136 0 0.499792 0.482031 0.0177614 8 1 8 1
23570 23261 309 5 0.499904 0.460515 0.0393892 7 2 7 1
23663 23331 332 3 0.499924 0.45736 0.0425639 6 3 6 3
23682 23516 166 1 0.499979 0.479816 0.020163 7 2 7 2
23731 23440 291 6 0.499972 0.462531 0.0374413 4 5 3 5
26202 26012 190 2 0.499985 0.47485 0.0251349 6 3 5 3
26329 26175 154 8 0.499967 0.479531 0.0204351 8 1 8 0
26724 26649 75 7 0.499899 0.488659 0.0112405 6 3 6 3
26747 26405 342 4 0.499971 0.454484 0.0454867 6 3 5 3
26862 26461 401 9 0.499833 0.450082 0.0497509 8 1 6 1
29829 29445 384 0 0.499962 0.454197 0.0457646 7 2 7 1
29959 29906 53 5 0.499858 0.492526 0.00733242 7 2 7 2
29997 29919 78 1 0.499904 0.489293 0.010611 7 2 6 2
