4082 4013 69 0 0.499924 0.491364 0.0085606 9 0 9 0
4124 4071 53 4 0.49993 0.493379 0.00655141 8 1 8 1
4171 4055 116 6 0.499922 0.484798 0.0151234 8 1 8 1
4186 4120 66 2 0.499931 0.490694 0.00923695 8 0 8 0
4187 4002 185 1 0.499929 0.477526 0.0224034 9 0 9 0
6160 4145 2015 7 0.499917 0.294535 0.205382 6 2 6 2
6194 4039 2155 5 0.499993 0.280174 0.219819 9 0 9 0
6267 3977 2290 8 0.499943 0.263772 0.236171 9 0 9 0
6276 4054 2222 3 0.49995 0.271741 0.228209 9 0 9 0
6322 4118 2204 9 0.499911 0.271526 0.228385 9 0 9 0
10320 10233 87 4 0.499962 0.488877 0.0110849 8 1 8 1
10325 10218 107 0 0.499851 0.485274 0.0145769 9 0 9 0
10652 10482 170 2 0.499952 0.478137 0.0218153 8 1 8 1
10745 10409 336 6 0.499951 0.460206 0.0397448 7 2 7 2
10837 10493 344 1 0.499946 0.460431 0.0395147 7 2 5 2
13194 13113 81 7 0.499932 0.491031 0.00890111 9 0 8 0
13501 13378 123 3 0.4999 0.484519 0.0153807 5 4 5 4
13571 13302 269 5 0.499897 0.467219 0.0326785 7 2 7 2
13579 13437 142 8 0.499999 0.480336 0.0196623 3 6 3 6
13651 13506 145 9 0.499966 0.484025 0.0159411 7 2 7 2
16797 16622 175 0 0.499968 0.478796 0.0211728 7 2 6 2
16826 16550 276 4 0.499965 0.467769 0.032196 6 3 6 3
16947 16890 57 2 0.499974 0.492082 0.00789186 6 3 5 3
17304 17129 175 6 0.499926 0.477389 0.0225369 7 2 5 2
17570 17244 326 1 0.499896 0.459224 0.0406717 8 1 7 1
19554 19432 122 7 0.499902 0.483936 0.0159667 7 2 5 2
20011 19860 151 9 0.499963 0.480696 0.019267 7 2 7 2
20045 19720 325 3 0.499896 0.459323 0.0405728 7 2 7 1
20061 19951 110 5 0.499961 0.486027 0.0139334 5 4 5 4
20082 19778 304 8 0.499896 0.459971 0.0399252 5 4 5 4
23328 23200 128 4 0.499936 0.485656 0.0142793 8 1 8 1
23432 23159 273 0 0.499922 0.466573 0.0333486 9 0 9 0
23516 23204 312 2 0.499765 0.461388 0.0383764 7 2 7 2
23761 23629 132 6 0.499956 0.482951 0.0170051 6 3 5 3
24292 23960 332 1 0.499966 0.459412 0.0405544 8 1 8 1
25757 25701 56 7 0.499981 0.49202 0.00796098 7 2 6 2
26479 26378 101 5 0.499929 0.486726 0.0132022 5 4 5 4
26507 26251 256 9 0.499964 0.470023 0.0299414 8 1 8 1
26603 26378 225 3 0.499904 0.471835 0.0280688 7 2 7 2
26856 26467 389 8 0.499914 0.452164 0.0477494 5 4 5 4
29638 29509 129 4 0.49994 0.481823 0.0181162 6 3 5 3
