3908 3846 62 1 0.499938 0.491378 0.00855979 9 0 9 0
4061 4008 53 7 0.499936 0.494051 0.00588466 9 0 9 0
4202 4098 104 8 0.499984 0.488553 0.0114311 9 0 9 0
4214 4020 194 9 0.499969 0.478637 0.0213313 8 1 8 1
4266 3932 334 3 0.499951 0.458807 0.0411442 9 0 9 0
5986 4060 1926 2 0.499898 0.304017 0.195882 8 1 8 1
6128 3996 2132 4 0.499892 0.281251 0.218641 9 0 9 0
6292 4079 2213 6 0.499906 0.273872 0.226034 9 0 9 0
6355 4139 2216 5 0.499809 0.270586 0.229224 8 1 8 1
6634 4160 2474 0 0.499894 0.245877 0.254017 6 3 6 3
10463 10407 56 8 0.499939 0.492498 0.00744056 9 0 8 0
10479 10149 330 1 0.499889 0.461989 0.0379 5 4 5 4
10536 10187 349 7 0.49997 0.458765 0.0412042 7 2 6 2
10798 10445 353 9 0.499979 0.454471 0.0455078 8 1 7 1
11004 10811 193 3 0.499997 0.478569 0.021428 9 0 9 0
13173 13063 110 4 0.499989 0.48549 0.0144985 6 3 6 3
13262 13020 242 2 0.499929 0.472704 0.0272247 4 5 4 5
13759 13517 242 6 0.499934 0.467944 0.0319904 7 2 7 2
13865 13499 366 5 0.499768 0.455666 0.0441023 7 2 5 2
13931 13791 140 0 0.499986 0.481108 0.0188778 6 3 6 3
16980 16828 152 1 0.499933 0.480032 0.019901 5 4 5 4
16998 16678 320 8 0.499916 0.461945 0.0379713 9 0 8 0
17010 16845 165 7 0.499895 0.477379 0.0225161 4 5 4 5
17283 17145 138 9 0.499926 0.48275 0.0171769 8 1 8 1
17381 17231 150 3 0.499967 0.480928 0.0190394 7 2 7 2
19581 19255 326 4 0.499926 0.460713 0.039213 7 2 7 2
19588 19535 53 2 0.499806 0.490712 0.00909414 4 5 4 4
20146 20093 53 6 0.499961 0.491562 0.00839898 7 2 7 2
20525 20256 269 0 0.499945 0.468328 0.0316168 2 7 2 6
20599 20338 261 5 0.499975 0.468127 0.0318477 8 1 8 1
23459 23139 320 7 0.499985 0.462097 0.0378884 6 3 6 2
23483 23254 229 1 0.499992 0.47441 0.0255819 7 2 7 2
23498 23338 160 8 0.499892 0.481457 0.0184348 7 2 7 2
23685 23501 184 3 0.499989 0.477066 0.0229233 8 1 7 1
23962 23625 337 9 0.499908 0.462035 0.0378735 7 2 7 2
25823 25699 124 2 0.499842 0.484253 0.0155883 8 1 8 1
26289 25941 348 4 0.499945 0.455641 0.0443032 6 3 6 2
26440 26256 184 6 0.499942 0.476058 0.0238842 5 4 5 4
27110 26843 267 0 0.499935 0.469406 0.0305295 5 4 5 4
27245 27002 243 5 0.499897 0.470772 0.0291254 4 5 3 5
29886 29764 122 8 0.49992 0.484491 0.0154296 7 2 7 2
