3940 3887 53 5 0.499985 0.492461 0.00752333 9 0 9 0
3970 3917 53 7 0.499898 0.494073 0.00582425 8 1 8 1
4067 3981 86 6 0.499995 0.487791 0.0122042 8 1 8 1
4100 4027 73 8 0.499943 0.489578 0.0103653 9 0 9 0
4133 4062 71 3 0.499943 0.492086 0.00785641 7 2 7 2
6014 3983 2031 4 0.499933 0.291551 0.208383 9 0 9 0
6037 3920 2117 2 0.499936 0.282693 0.217243 9 0 9 0
6160 4083 2077 0 0.499892 0.288271 0.211621 9 0 9 0
6185 4071 2114 9 0.499928 0.282182 0.217746 9 0 9 0
6208 4180 2028 1 0.499768 0.290518 0.20925 9 0 9 0
10259 10152 107 7 0.499904 0.486028 0.0138758 7 2 7 2
10344 10141 203 5 0.499949 0.474423 0.0255257 9 0 7 0
10411 10278 133 6 0.499981 0.480488 0.0194934 8 1 6 1
10626 10306 320 8 0.499983 0.461636 0.0383466 8 1 6 1
10704 10351 353 3 0.49999 0.456226 0.0437639 6 3 6 3
13308 13189 119 0 0.499939 0.486747 0.0131925 5 4 4 4
13313 13079 234 4 0.499931 0.473188 0.0267428 7 2 7 2
13384 13297 87 9 0.499974 0.487899 0.0120746 7 2 6 2
13516 13139 377 2 0.49989 0.454041 0.0458492 6 3 6 3
13553 13276 277 1 0.499938 0.466465 0.0334726 6 3 6 3
16768 16451 317 7 0.499924 0.464761 0.0351632 8 1 7 1
16770 16616 154 5 0.49997 0.480478 0.0194918 7 2 5 2
16828 16681 147 6 0.499893 0.48262 0.017273 9 0 8 0
17111 17029 82 8 0.49995 0.490138 0.0098119 8 1 8 0
17307 17099 208 3 0.499894 0.475257 0.0246372 8 1 8 1
19546 19493 53 0 0.499917 0.492762 0.00715487 6 3 6 3
19763 19596 167 9 0.499964 0.47969 0.020274 7 2 7 2
19841 19495 346 4 0.499914 0.457268 0.0426468 8 1 8 1
19946 19852 94 2 0.499983 0.488618 0.0113641 7 2 7 2
20172 19890 282 1 0.499934 0.465282 0.0346523 5 4 5 4
23258 23196 62 7 0.499928 0.490803 0.00912454 8 1 8 1
23319 23022 297 5 0.499935 0.465196 0.0347386 8 1 7 1
23364 23094 270 6 0.499929 0.466675 0.0332545 9 0 8 0
23550 23348 202 8 0.499949 0.477738 0.0222111 8 1 8 1
23832 23674 158 3 0.499955 0.479481 0.0204743 7 2 7 2
26054 25782 272 0 0.499949 0.468885 0.0310634 6 3 6 3
26289 26137 152 2 0.499901 0.482043 0.0178583 9 0 9 0
26355 26250 105 4 0.499799 0.486144 0.0136558 7 2 7 2
26359 26051 308 9 0.499893 0.461276 0.0386172 5 4 5 4
26898 26557 341 1 0.499974 0.459206 0.0407678 6 3 6 3
29659 29429 230 7 0.499981 0.471983 0.0279982 8 1 8 1
29926 29728 198 6 0.5 0.475714 0.0242857 7 2 6 2
29933 29846 87 5 0.469902 0.457286 0.0126158 6 3 6 3
