4020 3770 250 0 0.499993 0.470786 0.029207 9 0 9 0
4024 3969 55 2 0.49987 0.491617 0.00825389 9 0 9 0
4110 4039 71 7 0.499931 0.491689 0.00824123 8 1 8 1
4197 4092 105 1 0.499921 0.485577 0.0143443 8 0 8 0
4268 3938 330 9 0.499959 0.460539 0.0394202 8 0 8 0
6101 4000 2101 6 0.499972 0.283023 0.216949 8 0 8 0
6182 4077 2105 5 0.499935 0.284161 0.215775 7 1 7 1
6187 4035 2152 4 0.499866 0.276612 0.223253 7 2 7 2
6299 4024 2275 3 0.499969 0.265481 0.234488 9 0 9 0
6472 4102 2370 8 0.499941 0.255899 0.244042 8 1 8 1
10466 10347 119 7 0.499909 0.486257 0.0136527 6 3 6 3
10487 10285 202 2 0.499984 0.472163 0.0278209 9 0 9 0
10723 10526 197 1 0.499895 0.476668 0.0232262 7 2 7 2
10801 10449 352 0 0.499896 0.457072 0.0428234 8 1 8 1
10839 10682 157 9 0.499896 0.479591 0.0203056 7 2 7 2
13375 13144 231 6 0.499912 0.470079 0.0298331 5 4 5 4
13520 13294 226 5 0.499955 0.471577 0.0283778 5 4 5 4
13639 13308 331 4 0.49993 0.46063 0.0393002 6 3 6 3
13765 13519 246 3 0.499971 0.470976 0.0289944 4 5 2 5
13774 13702 72 8 0.499929 0.488467 0.0114613 5 4 4 4
16776 16621 155 7 0.499961 0.48045 0.0195106 8 1 8 0
16977 16782 195 2 0.499766 0.477802 0.021964 6 3 6 3
17085 17032 53 9 0.499867 0.491961 0.00790644 8 1 8 1
17274 16982 292 1 0.499894 0.463687 0.036207 8 1 8 1
17345 17167 178 0 0.499989 0.47699 0.0229992 7 2 7 2
19789 19658 131 6 0.499906 0.485505 0.0144011 7 2 6 2
20099 19993 106 8 0.499837 0.485827 0.0140101 8 1 8 1
20129 19932 197 3 0.499827 0.477028 0.022799 8 1 8 1
20136 20082 54 4 0.499916 0.492221 0.00769525 4 5 4 5
20144 19806 338 5 0.49999 0.459435 0.0405552 5 4 5 3
23209 22986 223 7 0.499944 0.4752 0.0247438 9 0 9 0
23510 23145 365 2 0.499933 0.453903 0.0460293 9 0 9 0
23558 23297 261 9 0.499985 0.466357 0.033628 7 2 7 2
23843 23596 247 0 0.499946 0.471471 0.028475 9 0 9 0
23954 23683 271 1 0.499905 0.467095 0.0328099 5 4 5 4
26229 26003 226 6 0.499895 0.47036 0.0295344 5 4 5 4
26414 26282 132 4 0.499937 0.483706 0.0162306 7 2 7 2
26540 26283 257 8 0.499945 0.469177 0.0307682 6 3 6 3
26725 26363 362 3 0.499941 0.457786 0.0421548 6 3 5 3
26850 26550 300 5 0.499931 0.463001 0.0369298 8 1 8 1
29578 29389 189 7 0.49993 0.477057 0.0228724 9 0 6 0
29950 29872 78 9 0.499978 0.488838 0.0111398 8 1 7 1
