5594 5534 60 2 0.29994 0.291553 0.00838683 9 0 9 0
5649 5558 91 8 0.299998 0.287046 0.0129526 9 0 9 0
5715 5551 164 5 0.299941 0.27902 0.0209208 9 0 9 0
5723 5670 53 6 0.299796 0.293829 0.00596714 8 1 8 1
5748 5564 184 9 0.29999 0.277851 0.0221388 9 0 9 0
8488 5593 2895 1 0.299906 0.00559005 0.294316 8 1 8 1
8561 5636 2925 3 0.299915 0.00352771 0.296387 7 2 7 2
14551 14384 167 2 0.299924 0.27977 0.0201541 8 1 6 1
14680 14426 254 8 0.299797 0.270108 0.0296888 8 1 6 1
14769 14610 159 5 0.299941 0.279874 0.0200674 6 3 3 3
14842 14477 365 6 0.299765 0.254801 0.044964 9 0 6 0
14874 14571 303 9 0.29995 0.261239 0.0387109 9 0 6 0
18649 18328 321 1 0.299912 0.263646 0.0362661 8 1 5 1
18831 18472 359 3 0.299971 0.255408 0.0445632 9 0 6 0
23707 23387 320 2 0.299906 0.26021 0.0396964 8 1 5 0
23807 23543 264 5 0.299939 0.269709 0.0302304 6 3 3 3
23813 23490 323 8 0.299948 0.259315 0.0406336 8 1 6 0
23816 23751 65 9 0.299987 0.29125 0.0087369 8 1 5 1
23955 23776 179 6 0.299953 0.277666 0.0222867 6 3 3 3
27955 27563 392 1 0.299904 0.25062 0.0492832 6 3 3 3
28017 27812 205 3 0.299898 0.27337 0.0265284 7 2 4 2
