5648 5595 53 0 0.299824 0.293693 0.00613137 9 0 9 0
5667 5614 53 1 0.29994 0.292567 0.00737323 8 1 8 1
5698 5527 171 3 0.299949 0.277521 0.0224279 9 0 9 0
5717 5618 99 6 0.299936 0.286393 0.0135429 7 2 7 2
5721 5629 92 2 0.299859 0.287763 0.0120956 7 2 7 2
8536 5752 2784 8 0.299898 0.0165124 0.283385 9 0 9 0
8557 5749 2808 9 0.299961 0.0157462 0.284214 9 0 9 0
14530 14475 55 2 0.299916 0.291476 0.00844023 7 2 5 0
14540 14341 199 1 0.2999 0.273541 0.0263592 9 0 6 0
14619 14508 111 3 0.299993 0.282442 0.0175509 7 2 4 2
14749 14397 352 0 0.299983 0.256308 0.0436756 9 0 6 0
14944 14891 53 6 0.27358 0.265462 0.00811798 7 2 4 1
18614 18290 324 8 0.299994 0.259407 0.0405863 8 1 5 1
18631 18543 88 9 0.299933 0.289194 0.0107385 6 3 2 3
23436 23234 202 2 0.299952 0.277456 0.0224966 7 2 5 0
23493 23265 228 3 0.299892 0.272 0.0278917 9 0 5 0
23601 23351 250 1 0.299905 0.2712 0.0287043 8 1 4 1
24253 23643 610 0 0.299962 0.231706 0.0682558 7 2 4 2
24337 24284 53 6 0.299903 0.291818 0.00808506 6 3 1 1
27765 27486 279 9 0.299989 0.267046 0.0329432 6 3 3 2
27885 27534 351 8 0.299903 0.256418 0.0434857 6 3 2 3
