5753 5624 129 8 0.299953 0.284826 0.0151265 9 0 9 0
5780 5635 145 2 0.299835 0.281396 0.0184385 9 0 9 0
5845 5666 179 7 0.299974 0.277543 0.0224307 8 1 8 1
5874 5728 146 3 0.29994 0.280305 0.0196358 9 0 9 0
5910 5700 210 4 0.299971 0.276368 0.0236027 7 2 7 2
8677 5752 2925 6 0.299974 0.00305823 0.296916 9 0 9 0
14719 14620 99 7 0.299905 0.287698 0.0122064 9 0 5 0
14771 14459 312 2 0.29997 0.263971 0.0359991 9 0 5 0
14799 14462 337 8 0.299906 0.258521 0.0413855 9 0 5 0
14878 14717 161 4 0.299764 0.279829 0.0199359 6 3 4 1
14917 14688 229 3 0.299996 0.269684 0.0303126 9 0 4 0
19044 18709 335 6 0.299864 0.260442 0.0394219 8 1 4 1
23685 23585 100 3 0.299768 0.284994 0.014774 9 0 5 0
23769 23656 113 2 0.299991 0.287143 0.0128473 7 2 3 2
23799 23581 218 8 0.299903 0.270418 0.0294859 9 0 5 0
23841 23618 223 4 0.299982 0.275461 0.0245211 6 3 4 1
23841 23503 338 7 0.299955 0.258702 0.0412536 9 0 5 0
27982 27858 124 6 0.299946 0.281273 0.018673 7 2 3 2
