5767 5419 348 9 0.299978 0.257848 0.0421307 9 0 9 0
5792 5724 68 8 0.299919 0.291836 0.00808301 8 1 8 1
5799 5621 178 0 0.2999 0.277649 0.0222506 8 1 8 1
5827 5651 176 5 0.299943 0.277924 0.0220196 7 2 7 2
5941 5698 243 7 0.29982 0.27225 0.02757 7 2 7 2
8687 5788 2899 3 0.299966 0.00619278 0.293773 6 3 6 3
14552 14493 59 8 0.2999 0.291297 0.00860269 9 0 4 0
14866 14602 264 0 0.299915 0.267235 0.0326795 9 0 5 0
14919 14861 58 7 0.299968 0.292428 0.00753954 5 4 3 2
14971 14712 259 9 0.299962 0.268975 0.0309872 9 0 5 0
14999 14705 294 5 0.299956 0.265502 0.0344548 9 0 4 0
19090 18718 372 3 0.299848 0.255775 0.0440735 8 1 4 1
23600 23304 296 8 0.299926 0.265615 0.0343112 9 0 5 0
23735 23574 161 7 0.299933 0.280018 0.0199155 7 2 5 0
23781 23624 157 0 0.299895 0.278416 0.0214795 8 1 4 1
24163 23862 301 9 0.299899 0.264562 0.0353366 9 0 5 0
24192 23838 354 5 0.299947 0.255657 0.0442909 8 1 4 1
28105 28020 85 3 0.299931 0.29059 0.00934111 7 2 3 2
