5640 5536 104 6 0.299996 0.28726 0.0127368 9 0 9 0
5644 5547 97 1 0.296519 0.283217 0.0133012 9 0 9 0
5664 5522 142 8 0.299892 0.282733 0.0171583 9 0 9 0
5721 5607 114 9 0.299959 0.286098 0.0138614 9 0 9 0
5740 5523 217 2 0.299956 0.274342 0.0256142 9 0 9 0
8551 5672 2879 5 0.299955 0.00767056 0.292285 9 0 9 0
8572 5617 2955 0 0.299955 0.000572375 0.299382 9 0 9 0
8594 5739 2855 7 0.299997 0.0104143 0.289582 9 0 9 0
8638 5741 2897 3 0.299868 0.00629113 0.293577 9 0 9 0
14564 14454 110 8 0.299945 0.286229 0.0137166 8 1 6 1
14592 14429 163 6 0.299993 0.27863 0.0213633 9 0 8 0
14622 14496 126 9 0.299979 0.284408 0.015571 9 0 8 0
14646 14382 264 1 0.299983 0.267218 0.0327645 9 0 8 0
14943 14581 362 2 0.299928 0.256621 0.0433073 8 1 7 1
18584 18507 77 7 0.299984 0.291507 0.00847706 7 2 5 2
18607 18462 145 5 0.3 0.281859 0.018141 8 1 7 1
18687 18413 274 0 0.299973 0.269342 0.0306312 8 1 7 1
18825 18597 228 3 0.299895 0.270549 0.0293458 5 4 4 4
23436 23383 53 1 0.299979 0.292441 0.00753822 9 0 8 0
23483 23392 91 6 0.299987 0.287898 0.0120891 8 1 7 1
23520 23336 184 9 0.299985 0.275813 0.0241718 9 0 8 0
23686 23403 283 8 0.299898 0.263849 0.0360498 8 1 7 1
24118 23864 254 2 0.299902 0.266109 0.0337929 9 0 8 0
27633 27452 181 5 0.299941 0.277469 0.0224721 7 2 6 2
27685 27318 367 7 0.299983 0.253913 0.04607 6 3 5 3
27747 27613 134 0 0.299896 0.284649 0.0152467 5 4 4 4
27860 27700 160 3 0.299971 0.278364 0.0216075 9 0 8 0
