5715 5599 116 2 0.29996 0.285524 0.0144365 9 0 9 0
5742 5622 120 0 0.299899 0.284919 0.0149803 9 0 9 0
5752 5683 69 6 0.299895 0.291576 0.0083182 8 1 8 1
5799 5728 71 3 0.299996 0.289666 0.0103298 8 1 8 1
5814 5686 128 8 0.299777 0.28371 0.0160675 7 2 7 2
8635 5696 2939 4 0.299925 0.00169088 0.298234 5 4 6 4
8647 5795 2852 1 0.299995 0.00910015 0.290895 8 1 8 1
14591 14436 155 6 0.299759 0.277991 0.0217681 9 0 5 0
14779 14608 171 8 0.29999 0.280963 0.0190265 8 1 6 0
14798 14532 266 2 0.299823 0.267805 0.0320179 9 0 6 0
14853 14655 198 0 0.299918 0.272721 0.0271972 8 1 5 1
14954 14613 341 3 0.29999 0.258819 0.0411711 8 1 5 1
18841 18614 227 1 0.299935 0.271837 0.0280981 7 2 4 2
18929 18580 349 4 0.299983 0.260261 0.0397225 6 3 5 0
23473 23372 101 6 0.299895 0.288794 0.0111011 9 0 6 0
23764 23694 70 0 0.299928 0.29209 0.00783866 8 1 5 1
23785 23732 53 2 0.299896 0.29223 0.00766563 8 1 5 1
23789 23457 332 8 0.299923 0.260588 0.0393352 8 1 6 0
24166 23898 268 3 0.299948 0.267064 0.0328837 9 0 6 0
27817 27700 117 1 0.299905 0.284676 0.0152292 7 2 4 2
27920 27857 63 4 0.299942 0.289977 0.00996506 5 4 5 1
