5429 5368 61 5 0.299892 0.292564 0.00732752 9 0 9 0
5601 5548 53 2 0.299853 0.291885 0.00796786 9 0 9 0
5656 5447 209 6 0.299907 0.27241 0.0274963 9 0 9 0
5668 5555 113 7 0.299934 0.285349 0.0145852 8 1 8 1
5713 5640 73 3 0.299943 0.288628 0.0113152 5 4 5 4
8319 5632 2687 9 0.299809 0.0287293 0.27108 7 2 7 2
8493 5579 2914 4 0.299936 0.000578626 0.299357 6 3 6 3
8587 5697 2890 8 0.299936 0.0079147 0.292021 7 2 7 2
8620 5820 2800 1 0.299961 0.0112449 0.288716 6 3 6 3
14363 14200 163 3 0.299928 0.276633 0.0232957 9 0 8 0
14415 14283 132 2 0.299892 0.285237 0.0146543 9 0 8 0
14688 14444 244 5 0.299991 0.26845 0.0315418 7 2 6 2
14816 14543 273 6 0.299912 0.267128 0.0327842 7 2 6 2
14843 14455 388 7 0.29995 0.252179 0.0477712 7 2 6 2
18416 18108 308 9 0.29997 0.263349 0.0366204 7 2 6 2
18634 18312 322 4 0.299969 0.259063 0.0409063 5 4 4 4
18752 18488 264 1 0.299917 0.267346 0.0325707 5 4 5 3
18810 18461 349 8 0.299849 0.258622 0.0412268 6 3 5 3
23255 23070 185 2 0.299947 0.274815 0.0251321 8 1 7 1
23659 23220 439 3 0.29998 0.233307 0.0666729 8 1 7 1
23750 23528 222 5 0.299956 0.272768 0.0271884 8 1 8 0
23907 23668 239 6 0.299918 0.271702 0.028216 6 3 5 3
24065 23777 288 7 0.299962 0.263736 0.0362258 7 2 6 2
27346 27204 142 9 0.299909 0.282719 0.0171906 5 4 3 4
27572 27450 122 4 0.299907 0.284911 0.0149956 7 2 6 2
27761 27623 138 1 0.299942 0.282636 0.0173064 5 4 5 3
27896 27641 255 8 0.299923 0.269083 0.0308399 8 1 7 1
