5732 5411 321 0 0.3 0.26135 0.0386497 9 0 9 0
5739 5571 168 9 0.299908 0.280093 0.0198142 9 0 9 0
5771 5702 69 4 0.299959 0.29 0.00995854 8 1 8 1
5806 5645 161 5 0.299914 0.281271 0.0186436 7 2 7 2
5833 5644 189 6 0.299922 0.278126 0.0217959 7 1 7 1
8671 5711 2960 1 0.299918 0.00020137 0.299716 7 1 7 1
8680 5789 2891 8 0.299899 0.00964201 0.290257 8 1 8 1
14716 14652 64 0 0.299895 0.291297 0.00859732 9 0 6 0
14722 14643 79 5 0.299898 0.290186 0.00971147 8 1 6 0
14797 14470 327 4 0.29995 0.260906 0.0390439 9 0 6 0
14882 14666 216 6 0.299916 0.273785 0.0261308 8 1 6 0
18654 18560 94 8 0.299984 0.289653 0.0103311 6 3 4 2
18816 18542 274 1 0.299976 0.268091 0.0318854 8 1 5 1
23576 23329 247 5 0.299909 0.26813 0.0317787 7 2 4 1
23713 23570 143 4 0.299945 0.280327 0.0196173 8 1 4 1
23966 23719 247 6 0.299949 0.270467 0.0294823 8 1 5 0
27714 27402 312 8 0.29992 0.264472 0.0354478 5 4 3 2
27891 27623 268 1 0.299999 0.26786 0.0321388 5 4 2 3
