5877 5636 241 0 0.299971 0.271605 0.0283652 9 0 9 0
5888 5825 63 7 0.299845 0.292099 0.00774568 6 3 6 3
5894 5755 139 6 0.299992 0.282279 0.0177123 9 0 9 0
5907 5705 202 4 0.299915 0.275473 0.0244412 9 0 9 0
5916 5790 126 9 0.299846 0.284693 0.0151532 7 2 7 2
14782 14673 109 0 0.299907 0.28643 0.0134761 9 0 4 0
14843 14748 95 9 0.299944 0.287248 0.0126957 7 2 3 1
14873 14593 280 7 0.299898 0.266631 0.0332671 9 0 4 0
15100 14814 286 4 0.299915 0.266269 0.0336458 8 1 3 1
23825 23574 251 0 0.299916 0.268424 0.0314919 9 0 3 0
23907 23619 288 9 0.299992 0.26629 0.033702 8 1 3 0
23916 23744 172 7 0.29999 0.27849 0.0214993 9 0 3 0
24130 23865 265 4 0.299979 0.268632 0.0313472 7 2 2 1
