5653 5562 91 3 0.299945 0.287861 0.0120839 9 0 9 0
5758 5668 90 6 0.3 0.289242 0.0107576 9 0 9 0
5765 5629 136 9 0.299947 0.283499 0.0164488 8 1 8 1
5793 5518 275 1 0.299981 0.268977 0.0310039 9 0 9 0
5807 5600 207 7 0.299992 0.275075 0.0249164 9 0 9 0
8562 5727 2835 8 0.299907 0.0131405 0.286766 7 2 7 2
8661 5734 2927 0 0.299858 0.00338542 0.296473 7 2 7 2
8693 5757 2936 5 0.299929 0.00213383 0.297795 9 0 9 0
14385 14330 55 3 0.299989 0.291747 0.00824222 7 2 6 2
14497 14415 82 9 0.299968 0.288076 0.0118922 8 1 6 1
14672 14543 129 6 0.299915 0.281362 0.0185527 8 1 5 1
14781 14634 147 7 0.299935 0.282534 0.017401 9 0 6 0
14901 14649 252 1 0.299993 0.272084 0.0279091 9 0 7 0
18361 18308 53 8 0.29991 0.291483 0.00842704 7 2 5 2
18672 18415 257 0 0.299966 0.268496 0.0314697 7 2 6 1
18798 18649 149 5 0.299993 0.2812 0.0187922 7 2 5 2
23548 23231 317 9 0.299948 0.261841 0.0381066 9 0 7 0
23552 23357 195 6 0.299968 0.276237 0.0237308 9 0 7 0
23567 23174 393 3 0.299893 0.248936 0.0509569 7 2 6 1
24004 23732 272 1 0.299964 0.265521 0.0344434 8 1 6 1
24014 23628 386 7 0.299984 0.229278 0.0707053 7 2 5 2
27070 26965 105 8 0.299872 0.28573 0.0141414 8 1 6 1
27522 27375 147 0 0.299955 0.280742 0.0192129 6 3 5 2
27815 27465 350 5 0.299933 0.260263 0.0396695 6 3 4 3
