Time: Decision time: Time difference: ID: Decision charge: Docking charge: Charge difference: 
846 737 109 5 0.899916 0.887567 0.0123493
978 833 145 9 0.899922 0.879691 0.0202308
1661 1557 104 7 0.799957 0.787941 0.0120163
1882 1513 369 4 0.799992 0.757313 0.0426797
2536 2298 238 9 0.89999 0.87339 0.0265997
2652 2355 297 1 0.699977 0.663816 0.0361609
2656 2424 232 3 0.699779 0.672239 0.0275396
3389 3171 218 8 0.599896 0.572383 0.0275135
4216 3984 232 6 0.49992 0.471629 0.0282913
4396 4124 272 2 0.499987 0.463622 0.0363648
4918 4583 335 5 0.599926 0.559613 0.0403132
6098 5748 350 0 0.2998 0.255518 0.0442821
6124 5805 319 7 0.599924 0.561834 0.0380894
6508 6446 62 1 0.695132 0.688325 0.00680677
6561 6243 318 4 0.599966 0.562602 0.0373642
8518 8306 212 2 0.799966 0.776315 0.0236504
8642 8388 254 5 0.799967 0.766928 0.0330392
8642 8427 215 8 0.599891 0.572703 0.0271882
9063 8877 186 6 0.699895 0.677227 0.022668
9152 8865 287 9 0.299912 0.26476 0.0351522
10045 9816 229 3 0.299974 0.271608 0.0283658
11233 11178 55 8 0.89992 0.892793 0.00712735
11289 11232 57 6 0.899953 0.892106 0.00784703
11431 11169 262 7 0.599973 0.569317 0.0306564
11483 11168 315 2 0.799913 0.76119 0.0387225
11963 11619 344 0 0.699837 0.658505 0.0413317
12055 11741 314 4 0.599928 0.560547 0.0393807
13143 12895 248 5 0.599981 0.571014 0.0289668
13630 13513 117 1 0.299923 0.283437 0.0164852
15123 15047 76 6 0.599899 0.589944 0.00995451
15581 15431 150 4 0.799954 0.781667 0.0182864
15807 15560 247 3 0.699943 0.670105 0.029838
15998 15679 319 7 0.699992 0.662135 0.0378577
16491 16271 220 9 0.499986 0.474485 0.025501
16836 16623 213 8 0.399928 0.373854 0.0260743
17723 17629 94 6 0.899984 0.886198 0.0137858
17962 17632 330 0 0.499915 0.459493 0.0404224
18772 18445 327 2 0.299923 0.259029 0.0408942
19699 19468 231 9 0.899933 0.871625 0.0283083
19945 19891 54 7 0.699895 0.691101 0.00879406
