Time: Decision time: Time difference: ID: Decision charge: Docking charge: Charge difference: 
806 707 99 0 0.899968 0.887774 0.0121938
883 793 90 3 0.899988 0.888015 0.0119727
1609 1556 53 2 0.799771 0.792234 0.00753776
1847 1582 265 1 0.79995 0.767957 0.0319934
2327 2097 230 0 0.899996 0.874705 0.0252911
2789 2427 362 4 0.69994 0.656108 0.0438313
3535 3236 299 9 0.599977 0.564645 0.0353324
3578 3288 290 5 0.599891 0.565775 0.0341159
3610 3557 53 1 0.899864 0.892572 0.00729209
3614 3273 341 7 0.599863 0.560023 0.0398401
3632 3256 376 8 0.599833 0.554498 0.0453349
4645 4535 110 0 0.799898 0.78717 0.0127287
4855 4731 124 3 0.599993 0.585549 0.014444
5153 4959 194 6 0.399897 0.377354 0.0225425
6316 6168 148 9 0.899911 0.882516 0.017395
6920 6608 312 2 0.499923 0.461287 0.0386353
7535 7349 186 3 0.899959 0.875502 0.0244571
7806 7580 226 4 0.599962 0.572822 0.0271394
7824 7615 209 9 0.899873 0.874334 0.0255385
8156 7914 242 7 0.699985 0.669846 0.0301389
9328 9056 272 1 0.399889 0.368438 0.0314504
10182 10064 118 9 0.799955 0.78472 0.0152348
10666 10421 245 0 0.399926 0.368277 0.0316485
10685 10413 272 8 0.399899 0.364399 0.0354997
11337 11004 333 5 0.299918 0.259419 0.040499
11676 11414 262 3 0.599938 0.570418 0.0295199
11793 11630 163 2 0.699905 0.676501 0.0234047
12897 12696 201 6 0.399872 0.373975 0.0258977
13150 12785 365 1 0.899902 0.854913 0.0449891
13946 13672 274 7 0.499921 0.464116 0.0358052
14725 14619 106 4 0.399953 0.386859 0.0130938
15168 14958 210 0 0.799944 0.774331 0.025613
15569 15281 288 9 0.499985 0.464697 0.0352878
16196 15843 353 3 0.69987 0.659958 0.0399123
16689 16585 104 8 0.599913 0.586495 0.0134175
17179 17034 145 1 0.599984 0.582015 0.0179685
18038 17714 324 5 0.599786 0.55869 0.0410958
18178 17916 262 6 0.699898 0.669276 0.0306223
18306 18162 144 2 0.399893 0.380736 0.0191571
19461 19208 253 8 0.89996 0.870812 0.0291488
19509 19281 228 3 0.799917 0.770883 0.0290332
