Time: Decision time: Time difference: ID: Decision charge: Docking charge: Charge difference: 
811 758 53 3 0.899894 0.892586 0.00730829
1926 1589 337 7 0.799761 0.760846 0.038915
2500 2329 171 2 0.69992 0.680996 0.018923
2505 2370 135 8 0.699974 0.682703 0.017271
2781 2447 334 1 0.699952 0.66016 0.0397923
3506 3321 185 0 0.599927 0.577976 0.0219516
3529 3334 195 5 0.599936 0.574635 0.0253008
4153 4100 53 6 0.499987 0.494166 0.00582111
5670 5441 229 8 0.799955 0.772696 0.0272595
5675 5433 242 7 0.699929 0.67123 0.0286992
5867 5514 353 4 0.29996 0.255903 0.0440574
5985 5823 162 9 0.299893 0.27869 0.0212029
6447 6265 182 3 0.399939 0.374314 0.0256257
7973 7857 116 2 0.499903 0.485314 0.0145893
8986 8614 372 5 0.599786 0.556236 0.0435503
9735 9584 151 6 0.599951 0.580741 0.0192105
9749 9389 360 0 0.499803 0.454384 0.0454194
10077 10017 60 1 0.299971 0.291132 0.00883967
11553 11195 358 7 0.49993 0.456306 0.0436237
11795 11737 58 8 0.399959 0.393319 0.00664078
11838 11666 172 5 0.899911 0.88022 0.0196909
12377 12272 105 6 0.899914 0.885189 0.0147252
12813 12544 269 2 0.69993 0.668766 0.0311639
13158 13069 89 4 0.499917 0.486217 0.0137006
14754 14505 249 0 0.699957 0.669005 0.0309517
14815 14671 144 3 0.29992 0.279831 0.0200882
14877 14824 53 5 0.699975 0.693621 0.00635419
15116 14837 279 9 0.299947 0.265354 0.0345927
15596 15332 264 6 0.699908 0.668675 0.0312328
16141 15866 275 2 0.799952 0.768049 0.0319026
17922 17761 161 5 0.79998 0.78023 0.0197501
18199 17964 235 2 0.899947 0.871604 0.0283429
18239 18006 233 1 0.399952 0.371529 0.0284235
18513 18449 64 8 0.482984 0.475293 0.0076919
18712 18599 113 6 0.799921 0.787222 0.012699
18851 18510 341 4 0.599932 0.559149 0.0407827
18863 18627 236 3 0.89994 0.872764 0.0271754
19732 19626 106 7 0.299984 0.284351 0.0156333
