Time: Decision time: Time difference: ID: Decision charge: Docking charge: Charge difference: 
Time: Decision time: Time difference: ID: Decision charge: Docking charge: Charge difference: 
825 755 70 5 0.899963 0.889971 0.00999184
1347 827 520 0 0.899925 0.839569 0.060356
1642 1589 53 1 0.799995 0.793766 0.00622938
2304 2108 196 5 0.899945 0.875591 0.0243538
2498 2352 146 2 0.699907 0.681339 0.0185677
3390 3337 53 3 0.599825 0.59171 0.00811519
4247 4049 198 6 0.499966 0.475864 0.0241024
4282 4087 195 7 0.499938 0.475879 0.0240583
4605 4443 162 5 0.799981 0.777683 0.0222976
5079 4942 137 4 0.399999 0.383223 0.016776
5143 4998 145 1 0.69992 0.679866 0.020053
5174 4895 279 9 0.399942 0.365833 0.0341089
5958 5709 249 8 0.299957 0.266244 0.033713
6407 6154 253 0 0.499966 0.471378 0.0285876
7376 7262 114 6 0.899988 0.886923 0.0130642
9558 9465 93 9 0.799778 0.789096 0.010682
9680 9331 349 4 0.79994 0.760134 0.0398061
9723 9592 131 2 0.299976 0.284864 0.0151129
9723 9485 238 6 0.799981 0.769676 0.0303058
10027 9824 203 1 0.599996 0.576533 0.0234633
10044 9740 304 5 0.499922 0.464664 0.0352583
10929 10640 289 7 0.499973 0.466918 0.0330557
11175 10929 246 3 0.299914 0.269674 0.0302408
11642 11413 229 8 0.69993 0.669016 0.0309143
11972 11809 163 0 0.599999 0.577594 0.0224047
13230 13140 90 6 0.699996 0.685834 0.0141612
13491 13136 355 4 0.69999 0.656755 0.0432354
14612 14311 301 2 0.799909 0.76429 0.0356185
14689 14523 166 0 0.899987 0.879876 0.020111
14741 14404 337 9 0.499981 0.46219 0.0377912
15179 15092 87 1 0.599938 0.589328 0.0106095
15561 15459 102 5 0.599849 0.587359 0.0124908
16432 16186 246 6 0.799902 0.770457 0.0294448
16665 16532 133 7 0.599998 0.58296 0.0170383
16939 16590 349 4 0.79992 0.759554 0.0403662
17837 17497 340 3 0.599886 0.558521 0.0413647
18442 18156 286 2 0.699912 0.665765 0.0341467
18956 18827 129 8 0.299903 0.283797 0.016106
19378 19067 311 6 0.799962 0.763408 0.0365546
19424 19332 92 1 0.699978 0.68974 0.0102383
