Time: Decision time: Time difference: ID: Decision charge: Docking charge: Charge difference: 
1721 1574 147 8 0.799928 0.782537 0.0173908
1813 1639 174 9 0.799993 0.7783 0.0216929
1831 1623 208 2 0.799819 0.771997 0.0278218
1867 1583 284 0 0.799963 0.763524 0.0364382
2453 2400 53 5 0.699969 0.693271 0.00669751
3292 3212 80 7 0.599914 0.590308 0.0096061
4138 4029 109 3 0.499911 0.486053 0.0138577
5027 4836 191 1 0.399957 0.376896 0.0230608
5434 5212 222 2 0.699934 0.672132 0.027802
5585 5532 53 4 0.299853 0.291281 0.00857255
5734 5612 122 6 0.299942 0.283668 0.0162735
6558 6199 359 5 0.699951 0.656066 0.0438852
7197 7064 133 3 0.899892 0.88287 0.0170227
7810 7535 275 8 0.399958 0.368048 0.0319098
7913 7563 350 9 0.399947 0.358295 0.0416527
8016 7896 120 0 0.399982 0.383864 0.0161177
9305 9231 74 1 0.799958 0.790254 0.00970427
9540 9324 216 3 0.79996 0.774697 0.0252633
10153 10018 135 7 0.399984 0.384952 0.015032
10343 10153 190 2 0.599918 0.576527 0.0233913
11514 11221 293 6 0.699976 0.666126 0.0338496
12325 12267 58 0 0.799954 0.791513 0.00844149
12845 12707 138 4 0.499953 0.484521 0.0154327
13127 12896 231 2 0.899992 0.871113 0.0288791
13302 13026 276 5 0.399986 0.368691 0.031295
14433 14330 103 1 0.499863 0.482566 0.0172972
14857 14564 293 3 0.499937 0.462447 0.0374894
14876 14565 311 6 0.799989 0.764449 0.0355401
15865 15563 302 9 0.399987 0.365121 0.0348658
16585 16275 310 8 0.299907 0.264165 0.0357416
16817 16762 55 7 0.49995 0.491684 0.00826623
17315 17009 306 2 0.599979 0.564758 0.0352209
17791 17493 298 6 0.799908 0.762343 0.037565
18321 18157 164 0 0.399978 0.380173 0.0198052
21064 20752 312 4 0.299941 0.262595 0.037346
21395 21233 162 3 0.499918 0.478215 0.0217029
21606 21465 141 1 0.399932 0.381945 0.0179869
21623 21354 269 7 0.699968 0.669365 0.0306031
21990 21735 255 5 0.299931 0.269671 0.0302598
22336 22162 174 6 0.599894 0.576605 0.0232896
22375 22312 63 8 0.671314 0.663133 0.00818084
22642 22443 199 2 0.599951 0.574777 0.025174
23549 23301 248 0 0.699989 0.667364 0.0326256
24446 24280 166 9 0.299909 0.275468 0.0244407
25052 24964 88 1 0.899899 0.88775 0.0121487
25805 25441 364 8 0.799891 0.755364 0.0445264
26423 26320 103 7 0.599934 0.587481 0.012453
26873 26565 308 6 0.699971 0.659875 0.0400958
27102 26861 241 2 0.699933 0.670427 0.0295057
27440 27120 320 1 0.799962 0.762692 0.0372698
27863 27800 63 3 0.499905 0.492045 0.00785975
29368 29188 180 5 0.499919 0.477365 0.022554
29374 29068 306 4 0.399797 0.361731 0.0380663
