Time: Decision time: Time difference: ID: Decision charge: Docking charge: Charge difference: 
809 755 54 3 0.899948 0.893097 0.00685127
929 750 179 7 0.899805 0.879021 0.0207842
930 811 119 4 0.899904 0.884313 0.015591
942 810 132 8 0.899955 0.88377 0.0161855
1144 816 328 0 0.899931 0.861405 0.0385261
1727 1601 126 6 0.799965 0.784692 0.0152732
2536 2380 156 1 0.699898 0.681314 0.0185838
3077 3023 54 8 0.799945 0.793088 0.00685637
3626 3456 170 6 0.8999 0.8792 0.0206999
3655 3333 322 5 0.59993 0.562378 0.0375518
3862 3783 79 3 0.699979 0.690691 0.00928822
4417 4121 296 2 0.499899 0.46303 0.0368689
4820 4767 53 8 0.899954 0.891902 0.00805136
4921 4727 194 4 0.599993 0.574683 0.02531
5130 4882 248 9 0.399971 0.369997 0.0299737
5802 5459 343 1 0.799998 0.758155 0.0418432
6537 6416 121 7 0.399976 0.385102 0.0148736
7649 7485 164 2 0.899923 0.877679 0.0222441
7760 7704 56 8 0.699902 0.690439 0.00946292
7775 7459 316 6 0.599984 0.560018 0.0399667
7919 7589 330 0 0.299962 0.259213 0.0407489
8699 8455 244 3 0.599962 0.570772 0.0291901
9292 9191 101 4 0.699921 0.687733 0.0121881
10247 10094 153 1 0.599913 0.580687 0.0192259
10294 10195 99 9 0.699898 0.68573 0.0141677
10661 10540 121 5 0.399936 0.384054 0.0158827
12387 12217 170 4 0.79991 0.781219 0.0186911
12476 12353 123 8 0.599987 0.582976 0.017011
12477 12109 368 6 0.699839 0.656477 0.0433615
13395 13221 174 7 0.499898 0.479248 0.0206501
13940 13783 157 3 0.599968 0.578664 0.0213041
14118 13901 217 2 0.299837 0.27543 0.0244069
14382 14218 164 0 0.599892 0.581589 0.018304
15019 14899 120 9 0.599915 0.585143 0.014772
16023 15668 355 5 0.699959 0.651988 0.0479711
16305 16160 145 1 0.499947 0.482315 0.0176319
16563 16464 99 3 0.899999 0.887816 0.0121828
16709 16459 250 4 0.59997 0.570199 0.0297713
17316 17195 121 6 0.599915 0.583127 0.016788
17752 17659 93 8 0.599936 0.588563 0.0113732
19587 19346 241 4 0.899969 0.871465 0.0285045
19823 19538 285 3 0.699974 0.667374 0.0325996
20357 20248 109 0 0.499957 0.486001 0.0139566
20629 20406 223 2 0.599943 0.57333 0.0266134
20850 20506 344 7 0.399828 0.35855 0.0412777
21715 21588 127 5 0.499944 0.485479 0.0144653
21855 21517 338 6 0.699924 0.659513 0.0404109
22934 22697 237 8 0.599912 0.57135 0.0285619
23533 23359 174 1 0.39995 0.377658 0.0222916
23832 23505 327 4 0.599951 0.561546 0.038405
23954 23711 243 3 0.699914 0.671728 0.028186
26227 26026 201 7 0.699996 0.6768 0.0231959
26722 26354 368 8 0.799947 0.755382 0.0445654
26841 26520 321 2 0.499912 0.462283 0.0376284
27394 27107 287 5 0.599932 0.564704 0.0352289
27616 27344 272 4 0.79995 0.768148 0.0318017
28380 28201 179 6 0.399915 0.377053 0.0228628
28499 28200 299 0 0.299935 0.264179 0.0357559
28871 28643 228 3 0.599992 0.57323 0.0267619
29746 29422 324 1 0.599949 0.56224 0.0377096
