Time: Decision time: Time difference: ID: Decision charge: Docking charge: Charge difference: 
Time: Decision time: Time difference: ID: Decision charge: Docking charge: Charge difference: 
931 780 151 6 0.899911 0.879905 0.0200068
1003 723 280 2 0.899934 0.862347 0.0375877
2463 2359 104 2 0.899921 0.887057 0.0128637
2530 2339 191 9 0.699978 0.678945 0.021033
2579 2452 127 4 0.699917 0.685708 0.0142083
3372 3284 88 8 0.59978 0.587975 0.0118051
3527 3278 249 1 0.599967 0.569722 0.0302458
4126 4064 62 6 0.669697 0.66289 0.00680677
4826 4770 56 5 0.399963 0.391097 0.00886521
4830 4755 75 0 0.392295 0.381475 0.0108207
5470 5413 57 2 0.699922 0.690589 0.00933287
7263 7201 62 6 0.799915 0.792767 0.00714774
8049 7857 192 1 0.699912 0.678801 0.0211111
8239 8063 176 9 0.499981 0.478096 0.0218851
8629 8337 292 8 0.599981 0.565139 0.0348417
9157 8950 207 6 0.899963 0.87419 0.0257733
9895 9814 81 4 0.29993 0.290153 0.00977672
9942 9784 158 5 0.699951 0.680885 0.0190658
10083 9848 235 0 0.69999 0.671436 0.0285532
10357 10024 333 2 0.599975 0.561879 0.0380967
11167 11023 144 1 0.799911 0.783873 0.0160385
11300 11245 55 8 0.899909 0.891262 0.00864699
13128 12850 278 1 0.899965 0.867532 0.0324331
13604 13415 189 8 0.799945 0.778165 0.0217798
13986 13707 279 9 0.599926 0.566496 0.0334305
14123 13855 268 2 0.799986 0.767417 0.0325695
15556 15498 58 6 0.299897 0.292221 0.00767557
15616 15294 322 1 0.799943 0.761789 0.0381535
16162 16011 151 8 0.799985 0.780197 0.0197883
16471 16147 324 4 0.599922 0.559167 0.0407552
16570 16382 188 0 0.399911 0.377259 0.0226516
17312 17056 256 5 0.299963 0.269296 0.0306671
19350 19235 115 2 0.499898 0.48565 0.0142476
19368 19140 228 1 0.699924 0.673126 0.026798
19483 19138 345 4 0.899974 0.861172 0.0388025
20258 19938 320 0 0.899938 0.862532 0.0374067
20677 20343 334 8 0.59994 0.557215 0.0427249
20795 20501 294 9 0.399986 0.364922 0.035064
22661 22577 84 6 0.499904 0.490673 0.00923111
22860 22807 53 5 0.686549 0.680339 0.00621037
24393 24092 301 0 0.599897 0.562408 0.0374889
24441 24113 328 4 0.499924 0.460787 0.0391368
25088 24720 368 2 0.5998 0.556892 0.042908
25196 24868 328 1 0.499926 0.460625 0.0393014
26015 25808 207 8 0.599921 0.576079 0.0238425
28438 28363 75 9 0.399867 0.390072 0.00979582
28570 28388 182 5 0.499899 0.478075 0.021824
28672 28600 72 8 0.899829 0.891671 0.00815761
28713 28559 154 2 0.799908 0.782976 0.0169311
29581 29450 131 0 0.599937 0.583422 0.0165148
29931 29663 268 6 0.399989 0.365732 0.034257
