Time: Decision time: Time difference: ID: Decision charge: Docking charge: Charge difference: 
Time: Decision time: Time difference: ID: Decision charge: Docking charge: Charge difference: 
857 769 88 4 0.899903 0.889773 0.0101302
1750 1663 87 3 0.799985 0.787766 0.0122198
1871 1609 262 1 0.799935 0.765906 0.0340297
2025 1681 344 0 0.799947 0.761483 0.0384643
2306 2253 53 8 0.699838 0.691377 0.00846122
2312 2099 213 4 0.899924 0.873133 0.0267909
2567 2460 107 7 0.699922 0.685111 0.014811
2638 2386 252 6 0.699937 0.671889 0.0280486
3477 3164 313 2 0.599997 0.563517 0.0364805
4540 4272 268 3 0.799941 0.767074 0.0328672
5206 4876 330 9 0.39995 0.35906 0.0408896
5424 5316 108 1 0.699895 0.686713 0.0131825
5681 5497 184 7 0.79989 0.77656 0.0233299
5928 5654 274 5 0.299904 0.267254 0.0326507
6775 6487 288 6 0.699828 0.662572 0.0372562
7233 6924 309 4 0.499926 0.457411 0.0425143
7970 7768 202 2 0.699909 0.675653 0.0242556
8959 8814 145 0 0.299932 0.280898 0.0190332
8982 8644 338 9 0.899847 0.858949 0.0408984
9017 8768 249 3 0.599929 0.572212 0.0277171
9646 9361 285 8 0.299897 0.265318 0.0345795
10112 10014 98 1 0.599946 0.589175 0.0107711
10195 9922 273 7 0.599981 0.56843 0.0315504
11588 11497 91 6 0.599873 0.587815 0.0120587
12898 12627 271 1 0.899928 0.867757 0.0321711
13140 12912 228 9 0.599949 0.571983 0.0279657
13689 13337 352 3 0.699986 0.653411 0.0465755
14348 14292 56 2 0.399935 0.39289 0.00704472
14675 14427 248 4 0.399916 0.370159 0.0297573
14701 14347 354 8 0.799991 0.754117 0.0458738
14899 14743 156 5 0.299965 0.279102 0.0208631
15349 15119 230 1 0.799997 0.771789 0.0282074
16526 16135 391 7 0.499959 0.447389 0.0525702
16815 16600 215 9 0.799961 0.770586 0.0293744
17108 16828 280 3 0.799916 0.76717 0.0327458
18125 17734 391 0 0.29997 0.250151 0.049819
18702 18645 57 5 0.893729 0.887108 0.00662103
19367 19022 345 6 0.299789 0.257962 0.0418269
19661 19448 213 9 0.799986 0.776565 0.0234211
19793 19657 136 1 0.599921 0.583034 0.0168864
20781 20567 214 4 0.599893 0.574505 0.0253885
21011 20798 213 5 0.799955 0.773712 0.0262432
21711 21632 79 8 0.299969 0.291288 0.00868111
21735 21416 319 3 0.59993 0.562023 0.0379072
22096 21792 304 2 0.399762 0.358016 0.0417462
23772 23713 59 0 0.699987 0.690905 0.00908177
24087 23915 172 9 0.599922 0.575732 0.0241899
24130 24031 99 1 0.699956 0.687817 0.0121391
24995 24611 384 7 0.299844 0.253361 0.0464836
25580 25269 311 5 0.599914 0.562292 0.0376211
27389 27073 316 1 0.799975 0.760551 0.0394237
27571 27489 82 4 0.399909 0.388036 0.0118737
27850 27666 184 3 0.499953 0.476902 0.0230504
28134 28065 69 6 0.299972 0.290289 0.00968317
28186 27779 407 8 0.599948 0.54728 0.0526672
28496 28272 224 9 0.699994 0.671 0.0289947
28986 28832 154 2 0.499942 0.479391 0.0205509
