Time: Decision time: Time difference: ID: Decision charge: Docking charge: Charge difference: 
829 732 97 4 0.899963 0.886909 0.0130533
927 813 114 7 0.899926 0.887104 0.0128218
953 777 176 0 0.899966 0.878107 0.0218583
1787 1613 174 8 0.799915 0.77829 0.0216257
2296 2224 72 7 0.899933 0.889326 0.0106072
3187 2904 283 4 0.799907 0.768022 0.0318855
3194 3068 126 0 0.799991 0.78255 0.0174415
3431 3369 62 9 0.576821 0.570014 0.00680677
3548 3227 321 6 0.599993 0.562729 0.037264
4041 3988 53 3 0.499992 0.4934 0.00659172
4320 4134 186 5 0.499981 0.477737 0.0222448
5225 5130 95 8 0.699985 0.687476 0.0125092
6109 5868 241 1 0.299902 0.27086 0.029042
6990 6918 72 3 0.899972 0.890166 0.00980656
7569 7335 234 0 0.599938 0.572428 0.0275101
7589 7453 136 4 0.599996 0.583542 0.0164541
7901 7707 194 9 0.699984 0.676593 0.0233914
9264 8946 318 5 0.699898 0.66197 0.037928
10205 10104 101 4 0.899949 0.887967 0.011982
10538 10379 159 6 0.399959 0.380548 0.0194105
10987 10766 221 3 0.59998 0.574123 0.0258567
12565 12294 271 8 0.299934 0.265061 0.0348731
12577 12434 143 1 0.599959 0.578787 0.021172
12742 12613 129 0 0.599982 0.584651 0.0153311
12774 12590 184 9 0.599975 0.5762 0.0237752
13457 13112 345 4 0.699936 0.659828 0.0401079
15350 15249 101 3 0.69976 0.685473 0.0142862
15748 15533 215 6 0.699986 0.67537 0.0246163
16186 15896 290 1 0.799957 0.765267 0.0346896
16417 16279 138 5 0.299997 0.284619 0.0153781
16420 16217 203 9 0.799899 0.776236 0.0236631
16889 16836 53 0 0.699894 0.69222 0.00767402
17637 17475 162 3 0.899781 0.878901 0.0208798
17752 17407 345 4 0.699819 0.661531 0.0382883
19951 19734 217 3 0.799976 0.773618 0.026358
20652 20549 103 8 0.399895 0.388527 0.0113689
20760 20606 154 9 0.599916 0.58059 0.0193261
21427 21235 192 1 0.499897 0.477142 0.0227544
22464 22263 201 0 0.49994 0.476716 0.023224
22621 22539 82 3 0.799978 0.790365 0.00961223
22774 22595 179 5 0.599962 0.576002 0.0239606
22992 22787 205 6 0.299944 0.27486 0.0250844
24330 24091 239 4 0.399909 0.370829 0.0290799
25572 25233 339 1 0.799956 0.75984 0.0401156
26053 25980 73 3 0.699894 0.691511 0.00838329
27455 27132 323 0 0.699936 0.660406 0.0395303
27767 27531 236 9 0.399975 0.366305 0.0336695
28999 28851 148 8 0.299922 0.281891 0.0180312
29823 29488 335 5 0.399948 0.359594 0.0403534
