Time: Decision time: Time difference: ID: Decision charge: Docking charge: Charge difference: 
850 797 53 7 0.899977 0.892393 0.0075842
1644 1486 158 2 0.79985 0.779115 0.0207355
2401 2300 101 1 0.699994 0.68825 0.0117443
2513 2383 130 8 0.699879 0.684656 0.0152234
2535 2403 132 3 0.69994 0.681261 0.0186792
3301 3080 221 5 0.599939 0.574606 0.0253335
3316 2946 370 7 0.799907 0.756401 0.0435063
3530 3232 298 9 0.599951 0.56486 0.0350908
4819 4660 159 3 0.89999 0.88235 0.0176402
5133 4892 241 0 0.399975 0.371022 0.0289526
5240 4923 317 4 0.4 0.362463 0.0375366
5387 5333 54 1 0.799986 0.792477 0.00750935
5618 5553 65 8 0.776903 0.769766 0.00713677
6085 5860 225 2 0.599922 0.573709 0.0262124
6130 5853 277 5 0.899783 0.865641 0.0341418
7574 7438 136 8 0.899924 0.884415 0.0155086
7955 7681 274 7 0.599968 0.567156 0.0328114
9299 9113 186 5 0.699945 0.677018 0.0229268
9491 9387 104 0 0.799973 0.787302 0.0126715
9780 9579 201 1 0.599909 0.575743 0.0241662
9809 9464 345 9 0.499963 0.457322 0.0426412
9869 9511 358 4 0.799892 0.757781 0.0421105
10588 10266 322 2 0.699975 0.663339 0.0366362
11328 11027 301 3 0.299898 0.260324 0.0395747
12347 12264 83 8 0.499921 0.490491 0.00942918
12838 12497 341 4 0.799936 0.758984 0.0409514
15144 14906 238 1 0.599944 0.573535 0.0264085
15583 15306 277 0 0.399945 0.366306 0.0336387
15587 15374 213 9 0.599954 0.576533 0.0234211
15935 15612 323 7 0.299919 0.262893 0.0370258
17239 16884 355 3 0.699894 0.658976 0.0409183
17312 16931 381 2 0.399835 0.354709 0.0451258
19737 19426 311 8 0.399946 0.361376 0.0385702
19825 19772 53 0 0.79988 0.792204 0.00767589
20043 19802 241 4 0.299913 0.272073 0.0278401
21255 21063 192 1 0.499983 0.476449 0.023534
21579 21470 109 7 0.69998 0.685397 0.0145834
22362 22264 98 9 0.399909 0.385444 0.0144645
22726 22527 199 2 0.699933 0.677148 0.0227853
24035 23982 53 0 0.599895 0.591613 0.00828235
24399 24344 55 7 0.799918 0.792341 0.00757678
24643 24505 138 3 0.299913 0.281988 0.017925
25048 24868 180 2 0.9 0.87903 0.0209696
25845 25731 114 8 0.599977 0.58714 0.0128365
26047 25716 331 9 0.899956 0.858333 0.0416232
26133 25890 243 1 0.699914 0.66909 0.0308244
28617 28528 89 7 0.599918 0.587888 0.0120292
29200 29002 198 0 0.599943 0.578172 0.0217711
29243 28880 363 4 0.299889 0.252652 0.0472371
29370 29138 232 8 0.799787 0.772518 0.0272688
29516 29198 318 3 0.799951 0.764101 0.0358495
