Time: Decision time: Time difference: ID: Decision charge: Docking charge: Charge difference: 
832 734 98 6 0.899913 0.885421 0.014492
1600 1546 54 3 0.799964 0.792438 0.0075263
1641 1588 53 0 0.799894 0.7932 0.00669399
1680 1536 144 4 0.799856 0.77993 0.0199267
1868 1573 295 1 0.799965 0.763619 0.0363453
2628 2430 198 7 0.699843 0.674569 0.0252743
3913 3680 233 1 0.899901 0.872351 0.0275503
4023 3801 222 6 0.69991 0.672905 0.0270058
4498 4142 356 9 0.499916 0.455345 0.0445709
4990 4866 124 5 0.399994 0.385004 0.0149901
5144 4803 341 7 0.899983 0.85574 0.0442428
5237 4931 306 3 0.69992 0.663885 0.0360347
5718 5620 98 8 0.299826 0.285991 0.0138353
5941 5649 292 2 0.299954 0.265566 0.0343881
6538 6236 302 6 0.89976 0.862824 0.0369363
7853 7679 174 1 0.599963 0.578618 0.0213452
8586 8383 203 4 0.299918 0.277004 0.0229141
9249 9196 53 9 0.699926 0.692616 0.00731065
10115 9912 203 7 0.499896 0.476015 0.0238807
10603 10349 254 8 0.799832 0.771186 0.0286463
11472 11214 258 1 0.799934 0.766096 0.0338372
11656 11323 333 6 0.499964 0.457991 0.0419736
11744 11435 309 2 0.699981 0.663318 0.0366628
12514 12461 53 3 0.299849 0.292904 0.00694517
13382 13264 118 5 0.299909 0.284473 0.0154357
13601 13266 335 8 0.79986 0.758423 0.0414374
14935 14614 321 9 0.499918 0.460736 0.0391813
15040 14789 251 2 0.799823 0.769634 0.0301895
15764 15708 56 4 0.499914 0.491481 0.00843279
16555 16233 322 3 0.899961 0.860778 0.0391828
16610 16389 221 7 0.499962 0.472926 0.0270359
16725 16614 111 1 0.499898 0.485882 0.0140157
17457 17275 182 6 0.59989 0.578713 0.0211769
18066 17721 345 2 0.799801 0.758923 0.0408775
18286 17965 321 8 0.599998 0.561988 0.0380102
18841 18787 54 3 0.799939 0.793079 0.00686075
19869 19660 209 9 0.699996 0.672478 0.0275182
20656 20379 277 5 0.499939 0.467079 0.0328597
21272 21160 112 4 0.599938 0.585607 0.0143318
21908 21609 299 2 0.699922 0.664495 0.0354273
22877 22811 66 8 0.67308 0.665834 0.00724677
23106 22973 133 3 0.599918 0.581075 0.0188434
24087 23747 340 7 0.399983 0.360256 0.0397277
24124 24069 55 6 0.399953 0.39111 0.00884361
24623 24511 112 9 0.599802 0.586862 0.0129395
24749 24589 160 1 0.299777 0.276486 0.0232913
25725 25420 305 4 0.699941 0.664107 0.0358349
27122 26984 138 5 0.499941 0.48477 0.0151711
29421 29120 301 2 0.299918 0.264061 0.0358568
