Time: Decision time: Time difference: ID: Decision charge: Docking charge: Charge difference: 
1637 1560 77 1 0.799999 0.790757 0.00924273
1790 1513 277 0 0.799954 0.76506 0.0348946
2435 2366 69 6 0.699969 0.688887 0.0110816
2711 2415 296 8 0.699998 0.66419 0.0358084
2725 2371 354 3 0.699806 0.657962 0.0418444
3349 3195 154 7 0.599963 0.582799 0.0171644
3434 3189 245 4 0.6 0.570035 0.0299645
5098 4855 243 9 0.39996 0.372849 0.0271112
5275 4920 355 5 0.399972 0.359832 0.04014
6121 5857 264 6 0.699958 0.669449 0.0305084
6859 6617 242 3 0.699982 0.672499 0.0274832
6868 6700 168 1 0.499945 0.478796 0.021149
7718 7384 334 8 0.599868 0.562183 0.0376854
7879 7799 80 0 0.399897 0.389425 0.0104718
8133 7773 360 4 0.69976 0.65836 0.0413998
8586 8357 229 6 0.899929 0.867499 0.0324306
10604 10412 192 4 0.899933 0.876282 0.0236504
10766 10650 116 1 0.799857 0.783887 0.0159702
10881 10670 211 3 0.699995 0.673987 0.0260088
11110 10892 218 7 0.299878 0.275254 0.024624
11340 11209 131 0 0.899973 0.884077 0.0158961
11834 11602 232 6 0.699906 0.670781 0.029125
12076 11862 214 9 0.499979 0.474274 0.0257043
12990 12790 200 4 0.799985 0.775364 0.0246206
13112 12808 304 5 0.399923 0.363554 0.0363683
14613 14536 77 8 0.39978 0.389993 0.00978774
14899 14726 173 3 0.699933 0.679171 0.0207618
15835 15579 256 4 0.799997 0.768882 0.0311158
16042 15947 95 9 0.799952 0.789511 0.0104411
16896 16551 345 7 0.699946 0.65965 0.040296
17650 17310 340 6 0.499898 0.460135 0.0397634
17722 17479 243 1 0.299953 0.270052 0.0299009
17777 17687 90 0 0.299941 0.287426 0.0125155
17933 17713 220 9 0.899959 0.872369 0.0275906
18591 18239 352 5 0.699954 0.658029 0.0419254
19623 19570 53 3 0.599924 0.593763 0.00616153
19630 19577 53 8 0.699861 0.691188 0.00867293
20917 20720 197 6 0.9 0.877515 0.0224851
21003 20859 144 5 0.899957 0.882588 0.017369
21163 20975 188 4 0.499986 0.476187 0.0237996
22164 22019 145 3 0.8999 0.882967 0.0169331
22957 22655 302 9 0.499899 0.465693 0.0342069
23261 23205 56 0 0.699928 0.692677 0.00725098
23411 23084 327 5 0.799992 0.758274 0.0417173
23440 23245 195 1 0.699896 0.676768 0.0231286
24420 24000 420 7 0.299961 0.248658 0.0513027
25821 25764 57 8 0.399911 0.39365 0.00626111
25853 25789 64 4 0.699997 0.692966 0.00703111
26271 26178 93 0 0.799831 0.787345 0.0124861
26662 26380 282 6 0.4 0.368484 0.0315159
26957 26872 85 3 0.474075 0.461497 0.0125774
27189 26929 260 5 0.699941 0.669003 0.030938
28556 28166 390 1 0.6 0.552835 0.0471647
29265 29212 53 9 0.499996 0.49218 0.00781586
29826 29558 268 4 0.699989 0.667516 0.0324736
