Time: Decision time: Time difference: ID: Decision charge: Docking charge: Charge difference: 
841 788 53 0 0.899893 0.893154 0.00673861
2006 1651 355 6 0.799919 0.757963 0.0419563
2586 2375 211 5 0.699913 0.67649 0.0234237
2589 2395 194 9 0.699898 0.677256 0.0226418
2731 2431 300 3 0.699932 0.663546 0.0363861
2785 2439 346 1 0.699902 0.658523 0.0413791
3426 3182 244 7 0.599968 0.572007 0.0279612
4420 4057 363 4 0.499892 0.457091 0.0428009
5115 4758 357 9 0.899761 0.856436 0.0433245
5804 5511 293 6 0.699982 0.664183 0.0357996
6026 5585 441 5 0.799988 0.746141 0.0538472
6535 6290 245 0 0.399966 0.367578 0.0323878
7602 7493 109 1 0.599902 0.586093 0.0138088
7660 7417 243 9 0.799935 0.763975 0.0359596
9123 8819 304 6 0.799928 0.763851 0.0360774
9449 9177 272 4 0.699968 0.666362 0.0336069
9594 9279 315 7 0.499993 0.462235 0.0377574
10207 9997 210 3 0.299951 0.275812 0.0241389
11375 11209 166 5 0.499946 0.481347 0.0185983
11849 11747 102 1 0.699965 0.686065 0.0139002
13526 13327 199 6 0.599944 0.574568 0.0253761
14560 14191 369 0 0.399925 0.354725 0.0452
14671 14334 337 9 0.29994 0.256896 0.0430444
14934 14760 174 1 0.799984 0.779082 0.0209018
16010 15922 88 5 0.699972 0.686166 0.0138061
16743 16476 267 3 0.599967 0.567711 0.0322561
16986 16707 279 4 0.29999 0.265987 0.0340032
17653 17597 56 7 0.299954 0.29162 0.00833375
17689 17509 180 1 0.799983 0.775477 0.0245058
18919 18866 53 0 0.799985 0.793487 0.00649773
19669 19382 287 6 0.499925 0.467009 0.0329162
20682 20182 500 3 0.799948 nan nan
22441 22219 222 5 0.399939 0.37226 0.0276791
23240 22965 275 0 0.599973 0.568463 0.0315097
23378 23100 278 7 0.699947 0.667603 0.0323434
23422 23336 86 4 0.599935 0.588726 0.0112084
23460 23402 58 1 0.399951 0.393289 0.00666161
23574 23460 114 9 0.299911 0.28494 0.0149708
26839 26749 90 1 0.899999 0.887254 0.0127453
27338 27219 119 7 0.69999 0.686713 0.0132766
27557 27504 53 4 0.699822 0.69259 0.00723247
27693 27505 188 0 0.699904 0.676253 0.0236511
27857 27723 134 6 0.299986 0.283098 0.0168878
28459 28329 130 5 0.599935 0.584274 0.0156606
29703 29454 249 7 0.899936 0.870142 0.029794
