5594 5534 60 2 0.29994 0.291553 0.00838683 9 0 9 0
5649 5558 91 8 0.299998 0.287046 0.0129526 9 0 9 0
5715 5551 164 5 0.299941 0.27902 0.0209208 9 0 9 0
5723 5670 53 6 0.299796 0.293829 0.00596714 8 1 8 1
5748 5564 184 9 0.29999 0.277851 0.0221388 9 0 9 0
5774 5593 181 1 0.299906 0.27699 0.0229158 8 1 8 1
8488 5636 2852 3 0.299915 0.0108277 0.289087 7 2 7 2
8561 5662 2899 7 0.29999 0.00321157 0.296779 6 3 6 3
14503 14418 85 6 0.299957 0.287486 0.0124715 9 0 7 0
14557 14466 91 1 0.299923 0.288012 0.0119109 8 1 6 1
14578 14452 126 8 0.299999 0.285141 0.0148581 6 3 4 3
14585 14313 272 2 0.299904 0.265736 0.0341678 8 1 6 1
14706 14521 185 5 0.299944 0.273519 0.0264249 9 0 7 0
14907 14560 347 9 0.299982 0.258741 0.0412404 9 0 7 0
18664 18332 332 3 0.299874 0.261536 0.0383376 9 0 7 0
18760 18458 302 7 0.299915 0.263288 0.0366269 8 1 6 1
23558 23326 232 1 0.299941 0.269038 0.0309027 8 1 6 1
23610 23229 381 6 0.299961 0.248167 0.0517939 9 0 7 0
23646 23559 87 5 0.299985 0.287998 0.0119872 5 4 3 4
23680 23362 318 8 0.299958 0.261688 0.03827 9 0 7 0
23690 23424 266 2 0.299902 0.268481 0.0314212 7 2 5 2
24021 23792 229 9 0.299761 0.271958 0.0278028 5 4 3 4
27688 27608 80 3 0.299942 0.290143 0.0097999 7 2 5 2
27865 27630 235 7 0.29994 0.268093 0.031847 9 0 7 0
