5753 5624 129 8 0.299953 0.284826 0.0151265 9 0 9 0
5780 5635 145 2 0.299835 0.281396 0.0184385 9 0 9 0
5845 5666 179 7 0.299974 0.277543 0.0224307 8 1 8 1
5874 5728 146 3 0.29994 0.280305 0.0196358 9 0 9 0
5910 5700 210 4 0.299971 0.276368 0.0236027 7 2 7 2
5917 5637 280 9 0.299967 0.266405 0.0335618 9 0 9 0
8676 5752 2924 6 0.299974 0.00315823 0.296816 9 0 9 0
14590 14472 118 3 0.299912 0.284832 0.0150801 9 0 5 0
14773 14565 208 2 0.299988 0.27435 0.025638 8 1 5 1
14895 14712 183 4 0.299897 0.278896 0.0210009 6 3 5 1
14914 14564 350 8 0.299759 0.255016 0.0447433 9 0 5 0
14915 14667 248 7 0.299993 0.26665 0.0333427 8 1 5 1
15147 14767 380 9 0.299927 0.253964 0.0459633 9 0 5 0
18943 18636 307 6 0.299986 0.263702 0.0362842 9 0 6 0
23571 23220 351 3 0.299967 0.259049 0.040918 8 1 5 1
23728 23658 70 7 0.299987 0.290293 0.00969443 8 1 5 1
23847 23735 112 8 0.299921 0.286582 0.0133395 7 2 4 2
23889 23525 364 2 0.299972 0.25474 0.0452322 8 1 5 1
23905 23634 271 4 0.299937 0.267199 0.0327384 7 2 6 0
24448 24153 295 9 0.299899 0.265841 0.0340572 8 1 5 1
28059 27886 173 6 0.299895 0.278222 0.0216738 7 2 4 2
