5429 5368 61 5 0.299892 0.292564 0.00732752 9 0 9 0
5601 5548 53 2 0.299853 0.291885 0.00796786 9 0 9 0
5656 5447 209 6 0.299907 0.27241 0.0274963 9 0 9 0
5668 5555 113 7 0.299934 0.285349 0.0145852 8 1 8 1
5713 5640 73 3 0.299943 0.288628 0.0113152 5 4 5 4
5726 5632 94 9 0.299809 0.288029 0.0117801 7 2 7 2
8319 5579 2740 4 0.299936 0.0179786 0.281957 6 3 6 3
8493 5697 2796 8 0.299936 0.0173147 0.282621 7 2 7 2
8588 5820 2768 1 0.299961 0.0144449 0.285516 6 3 6 3
14349 14126 223 5 0.299985 0.272194 0.0277915 8 1 8 1
14358 14172 186 2 0.299989 0.27629 0.0236995 8 1 7 1
14539 14445 94 9 0.299916 0.28698 0.0129364 8 1 7 1
14571 14343 228 7 0.299981 0.272154 0.0278276 9 0 6 0
14727 14393 334 3 0.299892 0.258028 0.0418646 8 1 7 1
14740 14488 252 6 0.299973 0.268514 0.0314593 8 1 7 1
18299 18122 177 4 0.299963 0.279558 0.0204048 6 3 5 3
18370 18313 57 8 0.29992 0.292372 0.00754792 6 3 5 3
18466 18413 53 1 0.299911 0.294048 0.0058635 4 5 4 4
23073 23020 53 2 0.299878 0.292728 0.00714968 9 0 8 0
23179 22929 250 5 0.299906 0.269887 0.0300196 8 1 7 0
23301 23182 119 7 0.299978 0.28165 0.0183274 8 1 7 1
23378 23175 203 9 0.299933 0.277222 0.0227111 9 0 8 0
23644 23591 53 3 0.299799 0.290796 0.00900326 9 0 8 0
23658 23486 172 6 0.299938 0.278375 0.0215634 7 2 6 2
27258 27203 55 1 0.299961 0.292203 0.00775796 6 3 6 2
27370 27031 339 4 0.299906 0.257227 0.0426792 6 3 5 3
27371 27031 340 8 0.299894 0.257483 0.0424109 9 0 7 0
