5653 5562 91 3 0.299945 0.287861 0.0120839 9 0 9 0
5758 5668 90 6 0.3 0.289242 0.0107576 9 0 9 0
5765 5629 136 9 0.299947 0.283499 0.0164488 8 1 8 1
5793 5518 275 1 0.299981 0.268977 0.0310039 9 0 9 0
5807 5600 207 7 0.299992 0.275075 0.0249164 9 0 9 0
5816 5727 89 8 0.299907 0.287741 0.012166 7 2 7 2
8562 5734 2828 0 0.299858 0.0132854 0.286573 7 2 7 2
8662 5757 2905 5 0.299929 0.00523383 0.294695 9 0 9 0
14560 14343 217 3 0.299895 0.27245 0.0274455 8 1 7 1
14561 14507 54 7 0.299891 0.292545 0.00734646 9 0 6 0
14568 14500 68 9 0.29993 0.290365 0.00956519 8 1 6 1
14642 14522 120 6 0.299872 0.283087 0.0167843 7 2 5 2
14802 14541 261 1 0.299975 0.270421 0.0295546 8 1 6 1
14977 14626 351 8 0.299942 0.260906 0.0390365 9 0 7 0
18676 18582 94 0 0.299905 0.286272 0.0136329 5 4 4 3
18769 18624 145 5 0.29997 0.282348 0.0176219 6 3 4 3
23354 23207 147 9 0.299904 0.281985 0.0179189 9 0 7 0
23440 23245 195 7 0.299964 0.276446 0.0235181 9 0 7 0
23544 23296 248 3 0.299992 0.271577 0.0284153 8 1 7 0
23626 23422 204 6 0.299961 0.27546 0.0245005 8 1 6 1
23675 23573 102 1 0.299963 0.285889 0.0140734 6 3 4 3
23917 23815 102 8 0.299949 0.284472 0.0154774 8 1 6 1
27671 27618 53 5 0.299887 0.291444 0.00844296 7 2 5 2
27791 27473 318 0 0.299934 0.262158 0.0377752 6 3 5 2
