5767 5419 348 9 0.299978 0.257848 0.0421307 9 0 9 0
5792 5724 68 8 0.299919 0.291836 0.00808301 8 1 8 1
5799 5621 178 0 0.2999 0.277649 0.0222506 8 1 8 1
5827 5651 176 5 0.299943 0.277924 0.0220196 7 2 7 2
5837 5595 242 4 0.2999 0.271004 0.0288958 9 0 9 0
5941 5698 243 7 0.29982 0.27225 0.02757 7 2 7 2
8686 5788 2898 3 0.299966 0.00629278 0.293673 6 3 6 3
14422 14367 55 8 0.299934 0.292544 0.00738956 9 0 5 0
14589 14532 57 9 0.299951 0.29187 0.00808097 9 0 6 0
14661 14562 99 5 0.3 0.287737 0.0122628 8 1 5 1
14704 14322 382 0 0.299903 0.252538 0.0473657 8 1 5 1
14899 14600 299 4 0.299961 0.266265 0.033696 9 0 6 0
15091 14847 244 7 0.299966 0.271354 0.0286118 7 2 5 1
18898 18666 232 3 0.299904 0.273048 0.0268559 6 3 3 3
23482 23314 168 9 0.299925 0.277963 0.0219621 9 0 6 0
23529 23183 346 8 0.299999 0.260987 0.0390127 9 0 6 0
23701 23575 126 0 0.299994 0.282805 0.0171883 9 0 6 0
23705 23347 358 5 0.299958 0.255888 0.0440709 8 1 5 1
23816 23708 108 4 0.299929 0.285652 0.0142768 6 3 3 3
24101 23894 207 7 0.299928 0.274664 0.0252644 6 3 4 2
27938 27752 186 3 0.299947 0.275984 0.0239633 8 1 5 1
