5640 5536 104 6 0.299996 0.28726 0.0127368 9 0 9 0
5644 5547 97 1 0.296519 0.283217 0.0133012 9 0 9 0
5664 5522 142 8 0.299892 0.282733 0.0171583 9 0 9 0
5721 5607 114 9 0.299959 0.286098 0.0138614 9 0 9 0
5740 5523 217 2 0.299956 0.274342 0.0256142 9 0 9 0
5869 5672 197 5 0.299955 0.275871 0.0240847 9 0 9 0
8551 5617 2934 0 0.299955 0.00267238 0.297282 9 0 9 0
8572 5739 2833 7 0.299997 0.0126143 0.287382 9 0 9 0
8595 5741 2854 3 0.299868 0.0105911 0.289277 9 0 9 0
14485 14406 79 1 0.299891 0.28873 0.0111607 9 0 8 0
14509 14454 55 6 0.29995 0.292687 0.00726289 7 2 6 2
14517 14359 158 9 0.299996 0.28161 0.0183858 9 0 6 0
14551 14402 149 8 0.299972 0.28056 0.0194122 8 1 7 1
14794 14533 261 2 0.299985 0.269339 0.0306453 9 0 8 0
15014 14719 295 5 0.299935 0.265573 0.0343619 8 1 7 1
18432 18376 56 0 0.299893 0.292428 0.00746462 6 3 5 3
18644 18378 266 7 0.299972 0.268734 0.031238 6 3 5 3
18647 18418 229 3 0.299955 0.273645 0.0263094 7 2 6 2
23316 23152 164 6 0.299994 0.281963 0.0180311 9 0 8 0
23355 23234 121 9 0.299926 0.285524 0.0144026 8 1 7 1
23463 23407 56 8 0.299977 0.291946 0.00803146 7 2 6 2
23476 23234 242 1 0.299954 0.268598 0.0313555 8 1 7 1
23677 23610 67 2 0.299942 0.290135 0.00980645 9 0 8 0
24008 23717 291 5 0.299984 0.2652 0.0347831 5 4 4 4
27363 27062 301 0 0.299979 0.264483 0.0354952 6 3 5 3
27741 27541 200 3 0.299923 0.274078 0.0258452 5 4 4 4
27780 27493 287 7 0.299987 0.261886 0.0381012 9 0 8 0
