5877 5636 241 0 0.299971 0.271605 0.0283652 9 0 9 0
5888 5825 63 7 0.299845 0.292099 0.00774568 6 3 6 3
5894 5755 139 6 0.299992 0.282279 0.0177123 9 0 9 0
5907 5705 202 4 0.299915 0.275473 0.0244412 9 0 9 0
5916 5790 126 9 0.299846 0.284693 0.0151532 7 2 7 2
5947 5694 253 1 0.3 0.26961 0.0303896 9 0 9 0
14709 14584 125 7 0.299977 0.281504 0.0184736 9 0 5 0
14722 14666 56 1 0.299894 0.29279 0.00710434 9 0 5 0
14799 14655 144 0 0.299916 0.280125 0.0197913 8 1 4 1
14927 14710 217 9 0.299907 0.275039 0.0248684 9 0 5 0
14981 14668 313 6 0.299985 0.263733 0.0362517 9 0 5 0
15036 14667 369 4 0.299909 0.254884 0.0450246 9 0 5 0
23580 23527 53 0 0.299843 0.292492 0.00735105 9 0 5 0
23641 23396 245 1 0.299928 0.271178 0.0287503 9 0 5 0
23649 23385 264 7 0.299957 0.270675 0.0292824 9 0 5 0
23806 23652 154 9 0.299958 0.278781 0.0211772 8 1 4 1
23909 23740 169 6 0.299947 0.279707 0.0202405 8 1 4 1
24148 23910 238 4 0.299963 0.270286 0.029677 8 1 4 1
