5732 5411 321 0 0.3 0.26135 0.0386497 9 0 9 0
5739 5571 168 9 0.299908 0.280093 0.0198142 9 0 9 0
5771 5702 69 4 0.299959 0.29 0.00995854 8 1 8 1
5806 5645 161 5 0.299914 0.281271 0.0186436 7 2 7 2
5833 5644 189 6 0.299922 0.278126 0.0217959 7 1 7 1
5836 5711 125 1 0.299918 0.283701 0.0162163 7 1 7 1
8672 5789 2883 8 0.299899 0.010442 0.289457 8 1 8 1
14606 14456 150 4 0.299963 0.280628 0.0193354 8 1 5 1
14624 14443 181 6 0.299927 0.276317 0.0236103 8 1 6 0
14676 14499 177 9 0.299864 0.276819 0.0230454 8 1 5 1
14680 14539 141 0 0.299913 0.283439 0.0164734 7 2 4 2
14815 14590 225 5 0.299999 0.272125 0.0278736 8 1 6 0
14986 14645 341 1 0.299843 0.260896 0.0389469 9 0 6 0
18620 18518 102 8 0.299907 0.287056 0.0128509 5 4 3 3
23659 23387 272 4 0.299925 0.266981 0.0329444 9 0 6 0
23665 23441 224 6 0.299931 0.272476 0.0274553 8 1 6 0
23674 23446 228 9 0.299942 0.273589 0.0263532 8 1 5 1
23696 23473 223 0 0.299961 0.274738 0.0252231 8 1 5 1
23809 23683 126 5 0.299923 0.283181 0.016742 7 2 5 1
24156 23884 272 1 0.299902 0.26776 0.0321415 8 1 5 1
27748 27497 251 8 0.299947 0.270632 0.0293157 6 3 4 2
