5715 5599 116 2 0.29996 0.285524 0.0144365 9 0 9 0
5742 5622 120 0 0.299899 0.284919 0.0149803 9 0 9 0
5752 5683 69 6 0.299895 0.291576 0.0083182 8 1 8 1
5799 5728 71 3 0.299996 0.289666 0.0103298 8 1 8 1
5814 5686 128 8 0.299777 0.28371 0.0160675 7 2 7 2
5821 5680 141 7 0.299837 0.281027 0.0188097 8 1 8 1
8634 5696 2938 4 0.299925 0.00179088 0.298134 5 4 6 4
8647 5795 2852 1 0.299995 0.00910015 0.290895 8 1 8 1
14611 14474 137 3 0.299915 0.282656 0.0172585 9 0 7 0
14656 14354 302 6 0.299939 0.264843 0.035097 8 1 6 1
14679 14626 53 8 0.299772 0.292857 0.00691498 8 1 6 1
14694 14585 109 2 0.299795 0.284977 0.0148182 9 0 7 0
14733 14518 215 0 0.299891 0.274248 0.0256428 9 0 7 0
14906 14645 261 7 0.3 0.270039 0.0299603 8 1 6 1
18666 18442 224 1 0.299992 0.273047 0.0269451 8 1 6 1
18691 18493 198 4 0.299919 0.27671 0.0232098 2 7 2 4
23461 23386 75 8 0.299949 0.291122 0.00882722 9 0 7 0
23521 23378 143 3 0.299912 0.281181 0.0187314 9 0 7 0
23652 23480 172 2 0.299924 0.277513 0.0224112 9 0 7 0
23715 23470 245 6 0.299971 0.270005 0.0299663 8 1 6 1
23741 23522 219 0 0.299974 0.273075 0.0268982 8 1 6 1
23849 23557 292 7 0.299907 0.26329 0.0366177 8 1 6 1
27561 27459 102 1 0.299989 0.286264 0.0137251 3 6 1 5
27650 27531 119 4 0.299978 0.283218 0.01676 5 4 5 2
