5648 5595 53 0 0.299824 0.293693 0.00613137 9 0 9 0
5667 5614 53 1 0.29994 0.292567 0.00737323 8 1 8 1
5698 5527 171 3 0.299949 0.277521 0.0224279 9 0 9 0
5717 5618 99 6 0.299936 0.286393 0.0135429 7 2 7 2
5721 5629 92 2 0.299859 0.287763 0.0120956 7 2 7 2
5736 5526 210 7 0.3 0.27287 0.0271298 9 0 9 0
8535 5752 2783 8 0.299898 0.0166124 0.283285 9 0 9 0
8557 5749 2808 9 0.299961 0.0157462 0.284214 9 0 9 0
14354 14018 336 1 0.299954 0.260802 0.0391527 8 1 6 1
14446 14331 115 0 0.299983 0.284807 0.0151762 8 1 6 1
14453 14400 53 2 0.299954 0.293348 0.00660621 9 0 7 0
14653 14478 175 3 0.299912 0.279447 0.020465 9 0 7 0
14659 14344 315 6 0.299979 0.262618 0.0373611 9 0 7 0
14787 14470 317 7 0.299902 0.261466 0.0384356 9 0 7 0
18598 18490 108 9 0.299944 0.285713 0.0142313 7 2 5 2
18689 18439 250 8 0.299936 0.26984 0.0300968 9 0 7 0
23351 23203 148 1 0.299935 0.28114 0.0187951 8 1 6 1
23434 23229 205 2 0.299977 0.27426 0.0257173 9 0 6 0
23506 23269 237 0 0.299949 0.271357 0.0285918 8 1 6 1
23542 23440 102 3 0.29995 0.286361 0.0135886 7 2 5 2
23713 23533 180 6 0.299921 0.277098 0.0228232 9 0 7 0
24010 23676 334 7 0.299913 0.25835 0.0415633 8 1 6 1
27787 27558 229 8 0.299904 0.272611 0.0272936 8 1 6 1
28810 27405 1405 9 0.299961 0.149148 0.150813 8 1 6 1
