825 755 70 5 0.899963 0.889971 0.00999184 6 0 6 0
835 765 70 7 0.899993 0.891053 0.00894015 4 0 4 0
861 768 93 4 0.899894 0.888791 0.011103 3 1 3 1
915 781 134 9 0.899966 0.88384 0.0161268 6 0 6 0
2401 2118 283 4 0.899923 0.868426 0.0314975 7 0 6 0
3343 3278 65 3 0.599946 0.591765 0.008181 9 0 9 0
3503 3257 246 2 0.599971 0.570688 0.0292834 9 0 9 0
4287 4165 122 0 0.499941 0.485073 0.0148674 6 2 6 2
5453 5398 55 7 0.499922 0.491349 0.00857299 5 3 5 3
5727 5580 147 6 0.299982 0.282785 0.0171974 7 2 7 2
5749 5666 83 1 0.299904 0.288301 0.0116031 7 2 7 2
5764 5414 350 9 0.499972 0.458268 0.0417037 9 0 8 0
7159 6918 241 5 0.299934 0.268697 0.0312371 7 2 7 2
7606 7443 163 8 0.099936 0.0788949 0.0210411 4 5 4 5
8394 8304 90 3 0.599992 0.587106 0.012886 5 4 5 4
8699 8532 167 4 0.299926 0.280558 0.0193677 6 3 6 3
10572 10437 135 0 0.499964 0.482698 0.0172659 7 2 7 2
11116 10918 198 7 0.599982 0.576301 0.023681 6 3 6 3
11184 11120 64 2 0.299939 0.29249 0.00744979 5 4 5 4
12666 12567 99 3 0.699928 0.685995 0.0139337 6 3 4 3
12904 12717 187 1 0.49998 0.472729 0.0272509 6 3 6 3
14588 14243 345 5 0.499952 0.457653 0.0422992 9 0 9 0
15713 15408 305 9 0.0997679 0.0618563 0.0379117 6 3 6 3
16334 16073 261 6 0.0999636 0.0700234 0.0299402 7 2 7 2
18492 18237 255 4 0.199977 0.171809 0.0281684 6 3 6 3
18755 18653 102 7 0.299913 0.285817 0.014096 8 1 8 1
19064 18911 153 8 0.0999523 0.0805496 0.0194028 7 2 7 2
19528 19262 266 0 0.199981 0.166509 0.033472 4 5 4 5
21581 21453 128 3 0.099939 0.0822393 0.0176997 5 4 5 4
21670 21499 171 2 0.0997759 0.0800915 0.0196844 5 4 4 4
21881 21737 144 1 0.199961 0.182752 0.0172092 6 3 6 3
22719 22662 57 5 0.299863 0.291455 0.00840876 4 5 4 5
25456 25154 302 6 0.399972 0.361359 0.0386126 7 2 7 2
26174 25869 305 7 0.499909 0.4636 0.036309 8 1 7 0
26454 26246 208 9 0.199938 0.174551 0.0253873 7 2 7 2
27096 26867 229 4 0.399964 0.372838 0.0271261 9 0 8 0
27956 27831 125 8 0.399936 0.384618 0.0153178 6 3 6 3
29573 29442 131 2 0.499994 0.483837 0.0161567 7 2 7 2
29714 29564 150 0 0.199991 0.182596 0.0173949 6 3 6 3
