2458 2364 94 8 0.699885 0.687381 0.0125049 8 0 8 0
2551 2277 274 5 0.699979 0.668891 0.0310879 7 0 7 0
4115 3966 149 4 0.499898 0.482157 0.0177406 7 2 7 2
4692 4611 81 2 0.399948 0.387657 0.0122911 8 1 8 1
4954 4835 119 6 0.4 0.382869 0.0171305 8 1 8 1
5029 4800 229 7 0.399905 0.370651 0.0292542 8 1 8 1
5192 5017 175 1 0.399946 0.380689 0.019257 7 2 7 2
7648 7331 317 3 0.0999308 0.0634337 0.0364972 8 1 8 1
7716 7368 348 0 0.0999896 0.0588843 0.0411053 6 3 6 3
7750 7371 379 9 0.0998534 0.052336 0.0475174 5 4 5 4
10553 10366 187 8 0.199894 0.178438 0.0214555 5 4 5 4
11551 11399 152 5 0.0999921 0.0822364 0.0177557 6 3 6 3
12646 12319 327 6 0.399897 0.357252 0.0426451 8 1 7 1
12788 12666 122 7 0.399912 0.383389 0.0165225 5 4 4 4
13704 13606 98 4 0.0999656 0.0866086 0.013357 8 1 8 1
14681 14333 348 1 0.199986 0.157129 0.0428569 4 5 4 5
14883 14637 246 2 0.0999978 0.0705361 0.0294617 5 4 5 4
16813 16593 220 0 0.399971 0.371049 0.0289223 6 3 6 3
18572 18208 364 3 0.199792 0.155979 0.0438139 6 3 6 3
18698 18617 81 5 0.599894 0.588096 0.0117976 6 3 5 2
18700 18370 330 9 0.199969 0.159288 0.0406809 5 4 5 4
19895 19782 113 8 0.299966 0.284978 0.014988 7 2 7 2
20396 20343 53 6 0.399852 0.391804 0.00804823 7 2 7 2
21414 21163 251 7 0.299942 0.266833 0.0331088 7 2 6 2
22499 22380 119 4 0.399886 0.384997 0.0148886 7 2 6 2
23887 23662 225 2 0.399946 0.370447 0.029499 7 2 7 2
24987 24722 265 1 0.199962 0.167845 0.032117 8 1 8 0
26986 26834 152 0 0.099951 0.0813677 0.0185833 6 3 6 3
27218 26950 268 5 0.199957 0.166774 0.0331831 8 1 8 1
28364 28058 306 9 0.299899 0.264292 0.0356074 7 2 7 2
28922 28579 343 3 0.19991 0.159371 0.0405393 6 3 6 3
29543 29406 137 6 0.19991 0.181517 0.0183925 7 2 7 2
