789 729 60 1 0.89998 0.893085 0.00689483 4 0 4 0
1818 1661 157 6 0.79996 0.779606 0.0203541 6 0 6 0
1941 1617 324 4 0.799971 0.757145 0.0428257 8 0 8 0
2516 2438 78 5 0.699964 0.690254 0.00971066 7 2 7 2
3204 3151 53 3 0.59997 0.591948 0.00802252 9 0 9 0
3312 3212 100 8 0.599907 0.586653 0.0132543 8 1 8 1
3389 3237 152 7 0.599913 0.582088 0.0178258 7 2 7 2
5888 5814 74 0 0.299976 0.290513 0.00946334 7 1 7 1
5959 5700 259 2 0.299968 0.269296 0.030672 7 2 7 2
6744 6548 196 9 0.199949 0.17521 0.0247389 9 0 9 0
8946 8580 366 1 0.0998726 0.0581032 0.0417694 7 2 7 2
9791 9496 295 5 0.29996 0.266533 0.0334265 8 1 8 1
10375 10224 151 6 0.0999738 0.0820504 0.0179234 6 3 6 3
10617 10413 204 4 0.0999115 0.0734875 0.026424 8 1 8 1
10909 10850 59 7 0.299952 0.292187 0.00776502 6 3 6 3
12535 12229 306 3 0.0998827 0.0613235 0.0385592 6 3 5 3
12688 12529 159 8 0.0999006 0.0798285 0.020072 6 3 6 3
15953 15647 306 2 0.199916 0.163103 0.0368127 7 2 7 2
16393 16291 102 0 0.0999417 0.0862211 0.0137206 4 5 4 5
17663 17600 63 9 0.0999542 0.0914513 0.00850294 8 1 8 1
18116 17886 230 7 0.49987 0.471091 0.0287788 7 2 7 2
19698 19463 235 5 0.199908 0.172076 0.0278319 7 2 7 2
19764 19485 279 1 0.199933 0.16625 0.033683 8 1 8 1
21341 21056 285 4 0.199911 0.16132 0.0385906 7 2 7 2
21825 21606 219 6 0.0999701 0.0745005 0.0254696 5 4 5 4
22457 22222 235 3 0.299964 0.272059 0.0279054 5 4 5 4
23559 23506 53 9 0.678633 0.671429 0.00720341 5 4 1 3
23922 23868 54 8 0.0999635 0.0924052 0.00755826 7 2 7 2
24638 24458 180 7 0.499931 0.479369 0.0205623 8 1 5 1
26413 26055 358 2 0.199939 0.156267 0.0436722 8 1 8 1
27937 27628 309 0 0.0999467 0.0625822 0.0373645 5 4 5 4
29119 29050 69 5 0.273345 0.263383 0.00996261 7 2 7 2
29971 29758 213 4 0.399949 0.372965 0.0269834 8 1 8 1
