822 769 53 2 0.899928 0.892205 0.00772336 5 0 5 0
878 798 80 8 0.89992 0.888555 0.0113653 5 0 5 0
1927 1604 323 1 0.799938 0.762258 0.0376803 7 1 7 1
2576 2422 154 5 0.69998 0.68289 0.0170901 9 0 9 0
4382 4100 282 0 0.499987 0.465828 0.0341583 7 2 7 2
4747 4494 253 2 0.599969 0.569929 0.0300403 9 0 8 0
5108 4833 275 7 0.399952 0.368597 0.0313548 9 0 9 0
6076 5773 303 9 0.299984 0.261171 0.038813 6 3 6 3
6765 6619 146 4 0.19998 0.181779 0.0182015 7 2 7 2
7362 7053 309 8 0.299938 0.26369 0.0362487 8 1 8 1
7533 7219 314 3 0.099999 0.0633387 0.0366602 8 1 8 1
7622 7370 252 6 0.0999052 0.0711389 0.0287663 6 3 6 3
10513 10420 93 1 0.0999708 0.0892376 0.0107332 6 3 6 3
11369 11080 289 5 0.09999 0.065978 0.034012 6 3 6 3
12507 12345 162 2 0.299938 0.279328 0.0206103 5 4 5 4
12739 12431 308 0 0.299918 0.261241 0.0386772 8 1 8 1
12774 12705 69 7 0.39994 0.389877 0.0100634 6 3 6 3
15653 15599 54 3 0.499998 0.494067 0.00593111 8 1 6 1
16763 16476 287 9 0.0999798 0.0676857 0.032294 8 1 8 1
17283 17052 231 8 0.199927 0.170632 0.0292946 7 2 7 2
17793 17740 53 4 0.0831881 0.0747415 0.00844667 8 1 8 1
19247 18954 293 6 0.0998927 0.0641818 0.035711 9 0 9 0
20283 20230 53 7 0.399932 0.391943 0.00798872 6 3 6 3
21079 20768 311 1 0.199913 0.162556 0.0373569 5 4 5 4
22466 22411 55 0 0.199996 0.19006 0.0099359 5 4 5 4
22795 22624 171 5 0.0999866 0.0784531 0.0215335 7 2 7 2
23056 22997 59 2 0.0760737 0.0693756 0.00669816 8 1 8 1
25329 25230 99 3 0.0999117 0.0871528 0.012759 7 2 7 2
28171 28075 96 8 0.0998903 0.0888317 0.0110586 8 1 8 1
28275 28065 210 9 0.0999701 0.0743606 0.0256095 6 3 6 3
29094 28976 118 4 0.0999002 0.0854722 0.014428 8 1 8 1
29263 29079 184 7 0.199953 0.177757 0.022196 5 4 5 4
