845 792 53 0 0.899909 0.892531 0.0073784 6 0 6 0
2533 2382 151 8 0.699966 0.683301 0.0166648 7 0 7 0
3359 3206 153 1 0.599973 0.580372 0.0196009 7 0 7 0
4239 4005 234 7 0.49999 0.472662 0.0273272 8 1 8 1
4874 4763 111 6 0.39999 0.386541 0.0134485 8 1 8 1
6207 6145 62 0 0.392995 0.386189 0.00680677 7 1 7 1
6565 6510 55 3 0.199982 0.192372 0.0076105 8 1 8 1
6794 6502 292 2 0.199973 0.163644 0.0363287 8 1 8 1
6802 6468 334 4 0.199813 0.161038 0.0387754 8 1 8 1
7324 7260 64 5 0.099996 0.0911825 0.00881345 6 3 6 3
7687 7478 209 9 0.0999688 0.0728519 0.0271169 4 5 4 5
9303 9232 71 1 0.49991 0.489634 0.0102758 7 2 6 2
11464 11304 160 8 0.0998922 0.0810492 0.0188429 5 3 5 3
11775 11594 181 6 0.49989 0.47883 0.0210606 6 3 4 3
11777 11416 361 7 0.399991 0.357277 0.042714 6 3 6 3
12528 12202 326 1 0.89994 0.862152 0.037788 8 1 3 0
14886 14556 330 0 0.299988 0.258731 0.0412578 6 3 6 3
15436 15208 228 2 0.39997 0.36989 0.0300799 7 2 6 2
17395 17298 97 3 0.0999876 0.0868 0.0131876 7 2 7 2
17451 17233 218 9 0.299932 0.272655 0.0272778 7 2 7 2
17701 17570 131 4 0.0999771 0.0836076 0.0163694 8 1 8 1
18778 18489 289 5 0.0999558 0.0639776 0.0359782 7 2 7 2
20528 20256 272 8 0.399931 0.36685 0.0330807 5 4 5 4
20862 20531 331 1 0.0999238 0.0600516 0.0398722 9 0 9 0
21711 21415 296 6 0.0999867 0.0645546 0.0354321 7 2 7 2
23828 23673 155 0 0.299928 0.282002 0.0179258 6 3 6 3
25904 25565 339 2 0.0999994 0.0585877 0.0414117 5 4 5 4
26378 26325 53 4 0.399998 0.39204 0.00795853 6 3 5 3
26530 26233 297 9 0.299892 0.265443 0.0344489 5 4 4 4
28914 28641 273 3 0.0999893 0.0677426 0.0322468 7 2 6 2
