877 807 70 8 0.89999 0.891411 0.00857902 6 0 6 0
950 805 145 1 0.899936 0.881247 0.0186892 5 0 5 0
1818 1544 274 3 0.799907 0.768688 0.0312184 5 2 5 2
2791 2444 347 2 0.699783 0.659007 0.0407755 6 2 6 2
2892 2474 418 0 0.699929 0.646662 0.053267 8 0 8 0
3373 3234 139 4 0.599939 0.58202 0.0179188 7 2 7 2
4293 4049 244 6 0.499905 0.471595 0.0283094 8 1 8 1
4497 4124 373 7 0.499883 0.457171 0.0427122 7 1 7 1
5039 4807 232 5 0.399979 0.371643 0.0283364 7 2 7 2
5941 5614 327 1 0.499945 0.460614 0.0393307 7 2 6 2
5977 5739 238 9 0.299898 0.271667 0.0282308 7 2 7 2
6483 6247 236 8 0.399936 0.372688 0.0272481 5 4 3 4
9786 9324 462 3 0.199966 0.141564 0.0584012 9 0 9 0
10315 10061 254 0 0.299951 0.268092 0.0318591 8 1 8 1
11034 10701 333 2 0.199896 0.160735 0.0391609 7 2 7 2
11827 11588 239 4 0.19996 0.171645 0.0283151 8 1 8 1
12431 12232 199 6 0.299927 0.273832 0.0260952 7 2 7 2
14364 14291 73 7 0.0998562 0.0898694 0.00998679 5 4 5 4
15390 15085 305 5 0.0999083 0.065619 0.0342893 7 2 7 2
15985 15629 356 1 0.0998048 0.0570829 0.0427219 4 5 4 5
16559 16479 80 9 0.0999839 0.0901444 0.00983942 8 1 8 1
16726 16490 236 8 0.0999113 0.0726245 0.0272868 7 2 7 2
19288 19051 237 0 0.299899 0.270631 0.0292683 6 3 6 3
19891 19833 58 3 0.2 0.19278 0.00721965 6 3 6 3
20647 20277 370 4 0.399966 0.353493 0.0464726 5 4 5 4
21325 21146 179 2 0.199936 0.176479 0.0234569 6 3 6 3
22408 22056 352 6 0.199999 0.157358 0.0426407 7 2 7 2
24988 24724 264 7 0.199981 0.165165 0.0348158 7 2 7 2
25052 24783 269 1 0.399948 0.368329 0.0316184 8 1 8 1
25250 25165 85 9 0.39993 0.388563 0.011367 5 4 5 4
26471 26355 116 8 0.299911 0.284438 0.0154732 6 3 6 3
26716 26591 125 5 0.099997 0.0846513 0.0153457 5 4 5 4
27887 27529 358 4 0.499926 0.453988 0.0459381 6 3 5 2
28076 28023 53 3 0.399824 0.392525 0.00729839 7 2 7 2
