1637 1560 77 1 0.799999 0.790757 0.00924273 7 0 7 0
3284 3140 144 2 0.599893 0.582271 0.0176219 9 0 9 0
4111 3775 336 0 0.499995 0.462432 0.0375636 9 0 9 0
4245 4074 171 4 0.499903 0.477829 0.022074 8 1 8 1
4900 4847 53 9 0.399845 0.393644 0.00620088 9 0 9 0
5007 4808 199 6 0.399897 0.373271 0.0266262 9 0 9 0
5209 4877 332 8 0.399984 0.360452 0.0395317 7 2 7 2
6020 5766 254 7 0.299949 0.271029 0.0289197 5 4 5 4
6034 5730 304 3 0.299919 0.261483 0.0384359 7 2 7 2
6800 6676 124 5 0.199951 0.184222 0.0157283 8 1 8 1
7516 7462 54 1 0.399935 0.393334 0.00660159 5 4 5 4
10002 9777 225 4 0.599998 0.571935 0.0280637 6 3 5 3
10024 9709 315 0 0.599933 0.562952 0.0369818 6 3 6 3
10095 10007 88 2 0.399961 0.38719 0.012771 5 4 4 4
11311 11205 106 8 0.599937 0.586303 0.0136336 6 3 6 3
12472 12395 77 9 0.399996 0.390442 0.00955396 8 1 7 1
14882 14719 163 3 0.299846 0.280976 0.0188706 8 1 8 1
15005 14852 153 1 0.399897 0.379664 0.0202332 8 1 8 1
15172 15050 122 6 0.099987 0.0832486 0.0167384 9 0 9 0
15197 15113 84 5 0.399924 0.386734 0.0131897 7 2 7 2
16796 16444 352 7 0.0999111 0.0587881 0.041123 6 3 6 3
18404 18326 78 4 0.199948 0.189541 0.0104074 7 2 7 2
18692 18403 289 2 0.299935 0.265568 0.0343664 9 0 9 0
19386 19274 112 0 0.0999094 0.0859797 0.0139297 6 3 6 3
19822 19649 173 8 0.199953 0.178218 0.0217348 6 3 5 3
21122 20762 360 9 0.29992 0.253775 0.0461445 6 3 6 3
21993 21700 293 1 0.499983 0.466139 0.0338438 4 5 4 5
23019 22839 180 3 0.399965 0.377185 0.0227795 4 5 4 5
23465 23135 330 6 0.499968 0.462571 0.0373975 6 3 5 3
25481 25205 276 5 0.0999261 0.0678446 0.0320815 9 0 9 0
25711 25655 56 7 0.399955 0.392426 0.00752903 8 1 8 1
29176 29123 53 2 0.0999573 0.0918378 0.00811951 7 2 7 2
29179 28937 242 0 0.299897 0.267738 0.032159 8 1 8 1
29278 29186 92 4 0.0999893 0.0898623 0.010127 8 1 8 1
