1060 750 310 7 0.899935 0.863401 0.0365345 4 0 4 0
1695 1578 117 1 0.799959 0.784643 0.0153159 7 1 7 1
2609 2423 186 8 0.699971 0.678609 0.021362 7 1 7 1
3534 3201 333 9 0.599989 0.563121 0.0368681 8 0 8 0
4116 3985 131 2 0.499924 0.483404 0.0165207 8 0 8 0
4893 4839 54 5 0.399895 0.392544 0.00735088 8 1 8 1
5792 5693 99 6 0.299915 0.288061 0.0118538 6 3 6 3
6780 6447 333 4 0.199972 0.157987 0.041985 8 1 8 1
7471 7373 98 3 0.0999988 0.0887436 0.0112553 7 2 7 2
7604 7354 250 0 0.099986 0.0697379 0.030248 9 0 9 0
8266 8210 56 7 0.199852 0.191404 0.00844798 6 3 6 3
10118 9818 300 8 0.299937 0.263207 0.0367295 5 4 5 4
10353 10062 291 1 0.0999253 0.0669774 0.0329479 7 2 7 2
11137 11081 56 9 0.299945 0.29256 0.00738492 3 6 3 6
12051 11998 53 6 0.599919 0.591454 0.00846513 6 3 5 3
13967 13777 190 2 0.0999209 0.0746123 0.0253086 6 3 6 3
15084 14768 316 5 0.0999571 0.0642385 0.0357186 9 0 9 0
15577 15249 328 4 0.399968 0.361828 0.0381403 9 0 9 0
16320 16100 220 3 0.399913 0.370276 0.0296364 8 1 7 1
17022 16969 53 6 0.59992 0.593594 0.00632643 5 4 5 4
18357 18102 255 7 0.199907 0.168765 0.0311427 5 4 5 4
19079 18885 194 0 0.0999817 0.0763375 0.0236442 8 1 8 1
19799 19694 105 8 0.199949 0.185802 0.0141474 7 2 7 2
19988 19928 60 1 0.29997 0.293119 0.00685093 4 5 4 5
20534 20476 58 9 0.199914 0.191872 0.0080421 7 2 7 2
22965 22865 100 6 0.499926 0.487527 0.0123987 7 2 5 2
24165 23964 201 5 0.399996 0.371991 0.0280042 6 3 6 3
24347 24026 321 4 0.299918 0.263673 0.0362448 7 2 7 2
24784 24532 252 2 0.199916 0.169794 0.0301227 5 4 5 4
24785 24603 182 3 0.299957 0.274665 0.0252918 6 3 6 3
25404 25068 336 7 0.599938 0.558772 0.0411661 8 1 8 1
28433 28138 295 8 0.399967 0.358984 0.0409825 7 2 7 2
28717 28531 186 1 0.299773 0.27864 0.0211329 8 1 8 1
29666 29575 91 0 0.199871 0.185604 0.0142672 9 0 9 0
