910 762 148 1 0.899909 0.881528 0.0183815 4 0 4 0
1745 1597 148 3 0.799982 0.782574 0.0174083 6 1 6 1
1757 1556 201 4 0.799895 0.77539 0.0245048 7 0 7 0
2691 2384 307 8 0.699992 0.662046 0.0379465 8 0 8 0
4406 4110 296 7 0.499904 0.463148 0.0367558 9 0 9 0
4931 4823 108 0 0.399967 0.38558 0.0143874 9 0 9 0
5289 4923 366 9 0.399974 0.355415 0.04456 8 1 8 1
5921 5709 212 5 0.29997 0.275428 0.024542 9 0 9 0
7436 7298 138 6 0.0999788 0.0826781 0.0173007 6 3 6 3
7575 7377 198 2 0.0999253 0.074189 0.0257364 5 4 5 4
8642 8454 188 4 0.299928 0.278281 0.021647 7 2 7 2
8892 8816 76 1 0.0826068 0.0740642 0.00854264 5 4 5 4
9448 9205 243 3 0.199952 0.169657 0.0302948 5 4 5 4
11762 11482 280 8 0.0999738 0.0638778 0.036096 6 3 6 3
12555 12420 135 7 0.299929 0.282656 0.017273 6 3 6 3
14386 14250 136 0 0.199963 0.185012 0.0149511 6 3 5 3
15587 15267 320 9 0.0999557 0.061936 0.0380197 7 2 7 2
16499 16253 246 5 0.0999879 0.0676768 0.0323111 6 3 6 3
17196 16854 342 6 0.299785 0.258596 0.0411885 5 4 5 4
17223 17154 69 2 0.299911 0.289864 0.0100478 6 3 6 3
18032 17728 304 1 0.399951 0.360194 0.0397566 7 2 7 2
18485 18195 290 4 0.199977 0.167238 0.032739 5 4 5 4
19413 19242 171 3 0.199929 0.176645 0.0232846 5 4 5 4
20783 20728 55 8 0.399908 0.391573 0.00833498 6 3 4 3
20921 20573 348 7 0.399914 0.355527 0.0443866 6 3 6 3
22872 22799 73 0 0.399907 0.390802 0.00910465 5 4 5 4
24710 24506 204 9 0.399781 0.37576 0.0240216 8 1 8 1
24798 24440 358 5 0.499978 0.45668 0.0432977 8 1 8 1
25333 25019 314 2 0.399942 0.361333 0.0386096 7 2 7 2
25435 25302 133 6 0.399982 0.385361 0.0146211 7 2 7 2
26697 26605 92 8 0.599808 0.588124 0.0116846 6 3 5 2
27224 26872 352 3 0.499918 0.456371 0.043547 6 3 6 2
27693 27391 302 1 0.199896 0.161213 0.0386836 5 4 5 4
27811 27547 264 4 0.299949 0.267895 0.0320544 6 3 6 3
