846 707 139 0 0.899979 0.880497 0.0194814 4 0 4 0
981 723 258 2 0.899934 0.868254 0.0316803 3 0 3 0
3442 3298 144 4 0.599953 0.582293 0.0176597 9 0 10 0
3517 3290 227 1 0.599953 0.572546 0.0274079 8 0 8 0
3669 3299 370 8 0.599921 0.555098 0.0448238 8 1 8 1
4125 3942 183 5 0.499995 0.477867 0.0221281 8 1 8 1
4139 4028 111 3 0.4999 0.483246 0.0166538 7 2 7 2
4362 4095 267 9 0.499972 0.46796 0.0320118 7 2 7 2
5149 4931 218 6 0.399987 0.377026 0.0229604 7 2 7 2
5179 4962 217 7 0.399989 0.374981 0.0250076 7 2 7 2
7194 7060 134 0 0.299956 0.282919 0.0170366 5 4 5 4
7448 7305 143 2 0.2999 0.281191 0.018709 7 2 7 2
7887 7778 109 1 0.699992 0.687022 0.0129704 8 1 5 1
9464 9410 54 4 0.499923 0.493372 0.00655031 6 3 4 3
9514 7968 1546 5 0.799904 0.560479 0.239425 8 1 6 1
11700 11376 324 8 0.299944 0.260446 0.0394983 5 4 5 4
11944 11843 101 7 0.499863 0.488106 0.0117571 7 2 7 1
12347 12034 313 3 0.299893 0.260038 0.0398548 8 1 8 1
12523 12398 125 9 0.299973 0.286232 0.0137411 9 0 9 0
15481 15207 274 6 0.0999578 0.0675553 0.0324025 6 3 6 3
16567 16513 54 4 0.399914 0.392211 0.00770267 7 2 7 2
16988 16631 357 1 0.0999534 0.0568822 0.0430712 9 0 9 0
17326 17111 215 5 0.299903 0.271815 0.0280882 7 2 6 2
17718 17624 94 0 0.0999898 0.0875582 0.0124316 8 1 8 1
17809 17690 119 2 0.0999649 0.0865893 0.0133755 7 2 7 2
19872 19597 275 9 0.499963 0.467654 0.0323096 4 5 4 5
20196 19929 267 7 0.299991 0.263599 0.0363928 4 5 4 5
20855 20632 223 8 0.29996 0.271404 0.0285563 6 3 6 3
21307 21119 188 3 0.299945 0.277776 0.0221688 3 6 3 5
23983 23861 122 4 0.399913 0.386502 0.0134111 7 2 7 2
25992 25935 57 6 0.199987 0.192054 0.00793236 9 0 9 0
27909 27829 80 5 0.0998843 0.0896547 0.0102295 9 0 9 0
28140 27916 224 9 0.299919 0.273229 0.02669 8 1 8 1
28318 28030 288 0 0.199947 0.166092 0.0338547 8 1 8 1
28578 28253 325 1 0.0999924 0.0591076 0.0408848 6 3 6 3
29030 28904 126 2 0.0999896 0.0828238 0.0171657 7 2 7 2
